2013 01 01 00   -33   -41  9902   350    90     8 -9999    -1

2013 01 01 01   -36   -46  9907   350    80 -9999 -9999 -9999

2013 01 01 02   -40   -49  9908   350   100 -9999 -9999 -9999

2013 01 01 03   -42   -50  9911   350   110 -9999 -9999 -9999
2013 01 01 04   -44   -52  9918   350    90 -9999 -9999 -9999
2013 01 01 05   -43   -52  9918   350   100 -9999 -9999 -9999
2013 01 01 06   -43   -55  9923   340   130     8 -9999 -9999
2013 01 01 07   -44   -57  9929   340   120 -9999 -9999 -9999
2013 01 01 08   -43   -56  9935   340   110 -9999 -9999 -9999
2013 01 01 09   -40   -57  9941   340   130     8 -9999 -9999
2013 01 01 10   -41   -56  9942   340   130 -9999 -9999 -9999
2013 01 01 11   -42   -56  9952   340   110 -9999 -9999 -9999
2013 01 01 12   -43   -55  9958   340   110     8 -9999    -1
2013 01 01 13   -47   -59  9966   350   100 -9999 -9999 -9999
2013 01 01 14   -47   -61  9970   340   100 -9999 -9999 -9999
2013 01 01 15   -47   -62  9975   350    80     8 -9999 -9999
2013 01 01 16   -47   -66  9982   340    90 -9999 -9999 -9999
2013 01 01 17   -46   -65  9985   350    90 -9999 -9999 -9999
2013 01 01 18   -46   -66  9992   350    70     8 -9999 -9999
2013 01 01 19   -47   -73  9999   350    80 -9999 -9999 -9999
2013 01 01 20   -46   -73 10000   340    90 -9999 -9999 -9999
2013 01 01 21   -47   -74 10001   340    80 -9999 -9999 -9999
2013 01 01 22   -46   -77  9999   340   120 -9999 -9999 -9999
2013 01 01 23   -46   -77  9997   320   150 -9999 -9999 -9999
2013 01 02 00   -45   -80 10008   360    70     8 -9999    -1
2013 01 02 01   -45   -80 10007   340    60 -9999 -9999 -9999
2013 01 02 02   -47   -86 10012   350    50 -9999 -9999 -9999
2013 01 02 03   -47   -84 10010   360    30 -9999 -9999 -9999
2013 01 02 04   -46   -79 10008   250    10 -9999 -9999 -9999
2013 01 02 05   -51   -73 10004   230    10 -9999 -9999 -9999
2013 01 02 06   -53   -67 -9999 -9999 -9999 -9999 -9999 -9999
2013 01 02 07   -55   -68  9998   320    20 -9999 -9999 -9999
2013 01 02 08   -56   -71  9993    20    10 -9999 -9999 -9999
2013 01 02 09   -54   -72  9990   340    10     8 -9999 -9999
2013 01 02 10   -51   -68  9986   260    20 -9999 -9999 -9999
2013 01 02 11   -45   -62  9978   170    10 -9999 -9999 -9999
2013 01 02 12   -36   -49  9970   110    50     8 -9999    -1
2013 01 02 13   -32   -44  9963    90    70 -9999 -9999 -9999
2013 01 02 14   -24   -39  9953   100    70 -9999 -9999 -9999
2013 01 02 15   -23   -32  9945   110    70     8 -9999 -9999
2013 01 02 16   -22   -29  9938    90    70 -9999 -9999 -9999
2013 01 02 17   -16   -23  9931   110    50 -9999 -9999 -9999
2013 01 02 18   -17   -25  9923   110    40     8 -9999 -9999
2013 01 02 19   -16   -24  9916    90    40 -9999 -9999 -9999
2013 01 02 20   -13   -22  9911   100    30 -9999 -9999 -9999
2013 01 02 21   -11   -18  9908    80    50 -9999 -9999 -9999
2013 01 02 22    -9   -14  9905    70    50 -9999 -9999 -9999
2013 01 02 23    -6   -11  9900    80    60 -9999 -9999 -9999
2013 01 03 00    -5   -11  9897    80    70     8 -9999     2
2013 01 03 01    -5   -10  9895    70    60 -9999 -9999 -9999
2013 01 03 02    -2    -9  9893    80    70 -9999 -9999 -9999
2013 01 03 03     1   -12  9891    80    70 -9999 -9999 -9999
2013 01 03 04     2    -8  9893    80    70 -9999 -9999 -9999
2013 01 03 05     4    -4  9896    90    50 -9999 -9999 -9999
2013 01 03 06     0    -8  9899    10    20     8 -9999 -9999
2013 01 03 08     2    -9  9912   270    10 -9999 -9999 -9999
2013 01 03 09     4    -5  9917   320    10     8 -9999 -9999
2013 01 03 10     5    -2  9924   100    30 -9999 -9999 -9999
2013 01 03 11     5    -2  9930   270    10 -9999 -9999 -9999
2013 01 03 12     6    -1  9935   310    10     8 -9999     0
2013 01 03 13     9     0  9943   360    10 -9999 -9999 -9999
2013 01 03 14     9    -1  9949    10    10 -9999 -9999 -9999
2013 01 03 15     7    -3  9955     0     0     8 -9999 -9999
2013 01 03 16     7    -2  9958   240    10 -9999 -9999 -9999
2013 01 03 17    -4   -14  9965   360    10 -9999 -9999 -9999
2013 01 03 18    -9   -21  9969     0     0     2 -9999 -9999
2013 01 03 19    -4   -16  9973   290    60 -9999 -9999 -9999
2013 01 03 20     5   -14  9977   300    70 -9999 -9999 -9999
2013 01 03 21    -2   -21  9986   240    20 -9999 -9999 -9999
2013 01 03 22    -4   -20  9993    40    10 -9999 -9999 -9999
2013 01 03 23     1   -12  9996   300    70 -9999 -9999 -9999
2013 01 04 00     3   -18 10003   310    70     0 -9999     0
2013 01 04 01    -2   -16 10007   300    70 -9999 -9999 -9999
2013 01 04 02     4    -5 10019   300    50 -9999 -9999 -9999
2013 01 04 03     1    -9 10025   280    10 -9999 -9999 -9999
2013 01 04 04    -2   -13 10030   120    10 -9999 -9999 -9999
2013 01 04 05    -2   -19 10036   300    60 -9999 -9999 -9999
2013 01 04 06    -5   -26 10044    10    10     2 -9999 -9999
2013 01 04 07    -9   -28 10054   290    50 -9999 -9999 -9999
2013 01 04 08   -13   -33 10058   290    70 -9999 -9999 -9999
2013 01 04 09   -17   -29 10067   300    80     3 -9999 -9999
2013 01 04 10   -20   -37 10078   300    80 -9999 -9999 -9999