2002 01 11 20 -9999 -9999 -9999   100    10     2 -9999 -9999
2002 01 23 06   -64   -67 10059    10   100     3 -9999 -9999
2002 01 23 12   -91  -122 10061   350    90     7 -9999     0
2002 02 09 18   -15   -47  9885   120    40     3 -9999 -9999
2002 04 11 18   -63  -100 10166   350   100 -9999 -9999 -9999
2002 05 01 18     2   -11 10050 -9999 -9999     3 -9999 -9999
2002 05 06 00    24   -11 10283   320    60     8 -9999 -9999
2002 05 21 06    32     7 10095    80   120     8 -9999 -9999
2002 06 02 06    52    46 -9999    70    60     8 -9999 -9999
2002 06 29 18    50    23 10153   210    50     8 -9999 -9999
2002 07 14 18    79    72 10130   120    50     8 -9999 -9999
2002 09 12 18    55    45 10218   320    90     7 -9999 -9999
2002 09 19 18    17   -27 10154   360    40     6 -9999 -9999
2002 10 24 06    15   -30 -9999   140    80     8 -9999 -9999
2002 11 22 12     3    -2 -9999   250    50     9 -9999 -9999
