2003 01 09 06  -119 -9999 -9999   200    10     2 -9999     0
2003 01 20 18  -174  -239 10015   260    70     8 -9999 -9999
2003 01 23 06  -101 -9999 -9999   340   130     9 -9999 -9999
2003 04 11 12    18     9 -9999   200    20     7 -9999 -9999
2003 06 25 08    52    45 -9999   130    10     8 -9999 -9999
2003 07 26 18   132 -9999 -9999    40    30     3 -9999     0
2003 08 10 06    77    71 10032   180    50     9 -9999 -9999
2003 08 27 06   106    67 10098    40   180     6 -9999 -9999
2003 09 08 18 -9999 -9999 10156   230    30     4 -9999 -9999
2003 10 14 12    62    30 10368   190   840     7 -9999 -9999
2003 10 31 12    12   -18 -9999    90    50     7 -9999 -9999
2003 11 23 06 -9999 -9999  9924   110    10     3 -9999 -9999
2003 12 06 18     8   -36 -9999   250    90     2 -9999 -9999
