2014 01 01 00    -8   -40 10122   290    60     1 -9999     0
2014 01 01 01    -4   -40 10121   360    40 -9999 -9999 -9999
2014 01 01 02    -3   -29 10118   340   100 -9999 -9999 -9999
2014 01 01 04    -3   -19 10110   350   100 -9999 -9999 -9999
2014 01 01 05    -5   -24 10107   360   110 -9999 -9999 -9999
2014 01 01 06    -3   -21 10100   360   110     2 -9999 -9999
2014 01 01 07    -3   -17 10098   350   100 -9999 -9999 -9999
2014 01 01 08    -4   -20 10101   360    90 -9999 -9999 -9999
2014 01 01 09     0   -29 10094   330    70     6 -9999 -9999
2014 01 01 10    -1   -27 10092   340    90 -9999 -9999 -9999
2014 01 01 11    -1   -27 10087   340   100 -9999 -9999 -9999
2014 01 01 12    -2   -25 10083   340    90     6 -9999     0
2014 01 01 13    10   -40 10076    40    30 -9999 -9999 -9999
2014 01 01 14    12   -36 10068   120    60 -9999 -9999 -9999
2014 01 01 15     6   -36 10065   350   100     6 -9999 -9999
2014 01 01 16    11   -32 10063    20    40 -9999 -9999 -9999
2014 01 01 17    10   -33 10063    30    70 -9999 -9999 -9999
2014 01 01 18     6   -31 10054    40    70     4 -9999 -9999
2014 01 01 19    10   -29 10040    50    90 -9999 -9999 -9999
2014 01 01 20    12   -33 10038    40    90 -9999 -9999 -9999
2014 01 01 21     8   -25 10039   360   110 -9999 -9999 -9999
2014 01 01 22    12   -24 10033    60   130 -9999 -9999 -9999
2014 01 01 23    10   -28 10025   360   100 -9999 -9999 -9999
2014 01 02 00    15   -24 10022    30    80     8 -9999    -1
2014 01 02 01    19   -28 10009    20   120 -9999 -9999 -9999
2014 01 02 02    18   -21 10007    50   120 -9999 -9999 -9999
2014 01 02 03    16   -14 10001    50   130 -9999 -9999 -9999
2014 01 02 04    16   -18  9995    20    90 -9999 -9999 -9999
2014 01 02 05     9   -11  9987    20   110 -9999 -9999 -9999
2014 01 02 06    19    -7  9980    40   130     8 -9999 -9999
2014 01 02 07    23    -7  9979    30    90 -9999 -9999 -9999
2014 01 02 08    19    -8  9978    50   130 -9999 -9999 -9999
2014 01 02 09    21    -6  9982    60   120     8 -9999 -9999
2014 01 02 10    22    -4  9982    70   130 -9999 -9999 -9999
2014 01 02 11    21    -2  9981    70   120 -9999 -9999 -9999
2014 01 02 12    20    -5  9978    60   100     8 -9999     0
2014 01 02 13    23    -7  9977    60    90 -9999 -9999 -9999
2014 01 02 14    20    -5  9977    50    60 -9999 -9999 -9999
2014 01 02 15    20    -5  9974    70    70     8 -9999 -9999
2014 01 02 16    18    -4  9972    40    30 -9999 -9999 -9999
2014 01 02 17    19    -1  9972    50    40 -9999 -9999 -9999
2014 01 02 18    18     1  9970    30    20     6 -9999 -9999
2014 01 02 19    19     4  9968    70    60 -9999 -9999 -9999
2014 01 02 20    21     6  9968    60    70 -9999 -9999 -9999
2014 01 02 21    23     6  9967    10    80 -9999 -9999 -9999
2014 01 02 22    18     6  9964    70    60 -9999 -9999 -9999
2014 01 02 23    18    -2  9960    90    60 -9999 -9999 -9999
2014 01 03 00    22    -3  9954    50   110     5 -9999     0
2014 01 03 01    19    -7  9951    60    50 -9999 -9999 -9999
2014 01 03 02    26    -4  9936    70   140 -9999 -9999 -9999
2014 01 03 03    28    -2  9936    50    50 -9999 -9999 -9999
2014 01 03 04    26     2  9932    40    70 -9999 -9999 -9999
2014 01 03 05    28    10  9930    70   100 -9999 -9999 -9999
2014 01 03 06    26     9  9929    70    90     7 -9999 -9999
2014 01 03 07    25     7  9928    70    80 -9999 -9999 -9999
2014 01 03 08    27    10  9928    60    90 -9999 -9999 -9999
2014 01 03 09    25     9  9930    50    80     7 -9999 -9999
2014 01 03 10    26     7  9931    40    50 -9999 -9999 -9999
2014 01 03 11    26     6  9928    80    20 -9999 -9999 -9999
2014 01 03 12    31     1  9917   300    40     8 -9999     0
2014 01 03 13    34     0  9915    10    30 -9999 -9999 -9999
2014 01 03 14    26     1  9913   240    10 -9999 -9999 -9999
2014 01 03 15    33     5  9910    40    40     8 -9999 -9999
2014 01 03 16    27     4  9912   360    50 -9999 -9999 -9999
2014 01 03 17    24     6  9909    30    30 -9999 -9999 -9999
2014 01 03 18    31    13  9906    10    30     8 -9999 -9999
2014 01 03 19    27     6  9906   330    60 -9999 -9999 -9999
2014 01 03 20    21     6  9906   360    40 -9999 -9999 -9999
2014 01 03 21    26     9  9906    90    20 -9999 -9999 -9999
2014 01 03 22    12    -2  9904   330    90 -9999 -9999 -9999
2014 01 03 23    19     7  9906   240    40 -9999 -9999 -9999
2014 01 04 00    10    -2  9903   340   100     8 -9999     0
2014 01 04 01     6    -2  9905   330    90 -9999 -9999 -9999
2014 01 04 02     5    -1  9902   310   100 -9999 -9999 -9999
2014 01 04 03     2    -3  9900   310   100 -9999 -9999 -9999
2014 01 04 04     5    -3  9903   200    20 -9999 -9999 -9999
2014 01 04 05     2    -7  9901   240    10 -9999 -9999 -9999
2014 01 04 06    -2    -9  9904   220    20     2 -9999 -9999
2014 01 04 07    -4   -11  9904    20    10 -9999 -9999 -9999
2014 01 04 08    -2    -8  9905   270    10 -9999 -9999 -9999
2014 01 04 09    -2    -8  9908    40    20     1 -9999 -9999
2014 01 04 10    -2    -9  9910   310    10 -9999 -9999 -9999
2014 01 04 11    29     8  9906    10    30 -9999 -9999 -9999
2014 01 04 12    15    -5  9908   240    10     8 -9999     0
2014 01 04 13    15    -4  9908   200    10 -9999 -9999 -9999
2014 01 04 14    29    14  9908   320    20 -9999 -9999 -9999
2014 01 04 15    30     9  9910    70    20     8 -9999 -9999
2014 01 04 16    28    10  9911    90    20 -9999 -9999 -9999
2014 01 04 17    39     7  9911    80    50 -9999 -9999 -9999
2014 01 04 18    36    10  9914    40    50     7 -9999 -9999
2014 01 04 19    32     7  9910    30    60 -9999 -9999 -9999
2014 01 04 20    31     5  9908   150    10 -9999 -9999 -9999
2014 01 04 21    33    10  9915   350    40 -9999 -9999 -9999
2014 01 04 22    22     3  9920   350    50 -9999 -9999 -9999
2014 01 04 23    21     2  9918   350    90 -9999 -9999 -9999
2014 01 05 00    15    -5  9914   350    90     7 -9999     0
2014 01 05 01    21     3  9919    20    50 -9999 -9999 -9999
2014 01 05 02    10    -4  9916   350   110 -9999 -9999 -9999
2014 01 05 03    10    -2  9916   350   100 -9999 -9999 -9999
2014 01 05 04     9    -2  9917   360   100 -9999 -9999 -9999
2014 01 05 05    11    -6  9910   360   120 -9999 -9999 -9999
2014 01 05 06     7    -4  9910    10   130     7 -9999 -9999
2014 01 05 07     7    -4  9908   350   120 -9999 -9999 -9999
2014 01 05 08     6    -5  9905   350   140 -9999 -9999 -9999
2014 01 05 09     5    -4  9907   360   110     8 -9999 -9999
2014 01 05 10     4    -5  9902   350   140 -9999 -9999 -9999
2014 01 05 11     4    -5  9897   360   130 -9999 -9999 -9999
2014 01 05 12    13     1  9898   330    80     7 -9999    -1
2014 01 05 13    35    14  9895    30    30 -9999 -9999 -9999
2014 01 05 14    34    12  9895    60    30 -9999 -9999 -9999
2014 01 05 15    38     8  9890    40    50     6 -9999 -9999
2014 01 05 16    28     9  9883   310    80 -9999 -9999 -9999
2014 01 05 17    19     7  9878   360    90 -9999 -9999 -9999
2014 01 05 18    28    17  9869   350    70     7 -9999 -9999
2014 01 05 19    33    15  9869    40    50 -9999 -9999 -9999
2014 01 05 20    35    13  9867    60    40 -9999 -9999 -9999
2014 01 05 21    29    14  9868    60    70 -9999 -9999 -9999
2014 01 05 22    27    13  9866    60    80 -9999 -9999 -9999
2014 01 05 23    28    18  9864    70    90 -9999 -9999 -9999
2014 01 06 00    24    17  9869    80    90     7 -9999     2
2014 01 06 01    18    12  9876    90    60 -9999 -9999 -9999
2014 01 06 02    22    17  9887   100    50 -9999 -9999 -9999
2014 01 06 03    21    16  9897   110    70 -9999 -9999 -9999
2014 01 06 04    18    13  9903   100    60 -9999 -9999 -9999
2014 01 06 05    22    17  9903    80    60 -9999 -9999 -9999
2014 01 06 06    30    24  9905    70    60     8 -9999 -9999
2014 01 06 07    26    18  9909    50    40 -9999 -9999 -9999
2014 01 06 08    31    24  9909    60    80 -9999 -9999 -9999
2014 01 06 09    31    23  9909    60    70     8 -9999 -9999
2014 01 06 10    37    20  9905    60    90 -9999 -9999 -9999
2014 01 06 11    43    23  9899    60   110 -9999 -9999 -9999
2014 01 06 12    37    18  9899    60   110     8 -9999     2
2014 01 06 13    38    20  9896    60   120 -9999 -9999 -9999
2014 01 06 14    36    25  9891    50   100 -9999 -9999 -9999
2014 01 06 15    34    26  9889    70   130     8 -9999 -9999
2014 01 06 16    31    24  9893    80   110 -9999 -9999 -9999
2014 01 06 17    32    24  9901    70   100 -9999 -9999 -9999
2014 01 06 18    27    21  9904    70    80     8 -9999 -9999
2014 01 06 19    28    22  9905    70    80 -9999 -9999 -9999
2014 01 06 20    27    21  9910    60    70 -9999 -9999 -9999
2014 01 06 21    28    22  9913    50    60 -9999 -9999 -9999
2014 01 06 22    34    25  9913    70    90 -9999 -9999 -9999
2014 01 06 23    30    18  9916    70    80 -9999 -9999 -9999
2014 01 07 00    36    20  9916    50    80     8 -9999     0
2014 01 07 01    34    17  9918    50   100 -9999 -9999 -9999
2014 01 07 02    32    18  9919    60   100 -9999 -9999 -9999
2014 01 07 03    33    18  9920    60   100 -9999 -9999 -9999
2014 01 07 04    33    17  9920    50    90 -9999 -9999 -9999
2014 01 07 05    31    15  9922    50   100 -9999 -9999 -9999
2014 01 07 06    36     8  9923    50   120     8 -9999 -9999
2014 01 07 07    35     3  9925    40   100 -9999 -9999 -9999
2014 01 07 08    38     4  9931    40   130 -9999 -9999 -9999
2014 01 07 09    38     0  9933    30   100     8 -9999 -9999
2014 01 07 10    36     6  9939    50   140 -9999 -9999 -9999
2014 01 07 11    35     4  9947    50   140 -9999 -9999 -9999
2014 01 07 12    36     2  9951    40   130     8 -9999    -1
2014 01 07 13    33     5  9956    50   150 -9999 -9999 -9999
2014 01 07 14    32     3  9963    50   130 -9999 -9999 -9999
2014 01 07 15    32     3  9964    50   140     8 -9999 -9999
2014 01 07 16    32    -2  9968    50   140 -9999 -9999 -9999
2014 01 07 17    28     1  9971    50   150 -9999 -9999 -9999
2014 01 07 18    24     0  9975    50   150     8 -9999 -9999
2014 01 07 19    26    -7  9988    50   110 -9999 -9999 -9999
2014 01 07 20    33    -2  9998    50   120 -9999 -9999 -9999
2014 01 07 21    28    -4 10003    40   150 -9999 -9999 -9999
2014 01 07 22    26    -2 10011    40   130 -9999 -9999 -9999
2014 01 07 23    26    -2 10021    40   130 -9999 -9999 -9999
2014 01 08 00    19    -6 10031    20    90     7 -9999    -1
2014 01 08 01    20    -2 10038    20   120 -9999 -9999 -9999
2014 01 08 02    21    -5 10047    30   110 -9999 -9999 -9999
2014 01 08 03    24     0 10055    20   100 -9999 -9999 -9999
2014 01 08 04    20    -7 10061    20   100 -9999 -9999 -9999
2014 01 08 05    26    -2 10069    20   100 -9999 -9999 -9999
2014 01 08 06    25    -6 10078    40   110     7 -9999 -9999
2014 01 08 07    24   -11 10086    70   130 -9999 -9999 -9999
2014 01 08 08    22   -17 10100    10    70 -9999 -9999 -9999
2014 01 08 09    23   -19 10095    70   150     3 -9999 -9999
2014 01 08 10    17   -21 10106   360   100 -9999 -9999 -9999
2014 01 08 11    12   -17 10119   320    60 -9999 -9999 -9999
2014 01 08 12     9   -19 10127   350    80     4 -9999    -1
2014 01 08 13    13   -24 10120    90    50 -9999 -9999 -9999
2014 01 08 14    15   -17 10136    80    90 -9999 -9999 -9999
2014 01 08 15    14   -16 10139    70    90     4 -9999 -9999
2014 01 08 16    12   -23 10144    40    60 -9999 -9999 -9999
2014 01 08 17    14   -27 10142    80    80 -9999 -9999 -9999
2014 01 08 18    12   -26 10147   100    80     4 -9999 -9999
2014 01 08 19    10   -24 10156    60    50 -9999 -9999 -9999
2014 01 08 20     7   -32 10162    30    50 -9999 -9999 -9999
2014 01 08 21     8   -31 10162    90    90 -9999 -9999 -9999
2014 01 08 22    -1   -32 10161   350    20 -9999 -9999 -9999
2014 01 08 23     7   -30 10158    80    70 -9999 -9999 -9999
2014 01 09 00     6   -27 10158    90    70     1 -9999     0
2014 01 09 01     7   -31 10163    80    60 -9999 -9999 -9999
2014 01 09 02     5   -29 10165    70    50 -9999 -9999 -9999
2014 01 09 03     4   -29 10162    80    30 -9999 -9999 -9999
2014 01 09 04     1   -42 10166    30    20 -9999 -9999 -9999
2014 01 09 05     1   -43 10167    30    20 -9999 -9999 -9999
2014 01 09 06     2   -42 10169     0 -9999     3 -9999 -9999
2014 01 09 07    11   -42 10166    70    50 -9999 -9999 -9999
2014 01 09 08     4   -44 10168    60    30 -9999 -9999 -9999
2014 01 09 09     9   -39 10170    70    60     3 -9999 -9999
2014 01 09 10     6   -39 10168    60    20 -9999 -9999 -9999
2014 01 09 11     7   -40 10166   100    40 -9999 -9999 -9999
2014 01 09 12     5   -38 10163    80    30     3 -9999     0
2014 01 09 13     5   -37 10165    90    30 -9999 -9999 -9999
2014 01 09 14    10   -33 10169    80    50 -9999 -9999 -9999
2014 01 09 15    11   -26 10168    90    50     5 -9999 -9999
2014 01 09 16     4   -19 10167   110    60 -9999 -9999 -9999
2014 01 09 17     5   -11 10165    70    30 -9999 -9999 -9999
2014 01 09 18     7   -13 10167   100    50     5 -9999 -9999
2014 01 09 19     8   -15 10169   110    40 -9999 -9999 -9999
2014 01 09 20     6   -16 10170   110    30 -9999 -9999 -9999
2014 01 09 21     4   -15 10168   160    30 -9999 -9999 -9999
2014 01 09 22     7   -16 10169    90    40 -9999 -9999 -9999
2014 01 09 23     7   -16 10167    90    30 -9999 -9999 -9999
2014 01 10 00    11   -18 10165   100    50     7 -9999     0
2014 01 10 01    10   -19 10164   100    50 -9999 -9999 -9999
2014 01 10 02    10   -21 10162   110    40 -9999 -9999 -9999
2014 01 10 03     9   -22 10159   150    30 -9999 -9999 -9999
2014 01 10 04     5   -19 10158   150    30 -9999 -9999 -9999
2014 01 10 05     4   -14 10156    90    50 -9999 -9999 -9999
2014 01 10 06     9   -24 10154   110    40     7 -9999 -9999
2014 01 10 07     7   -13 10156    90    70 -9999 -9999 -9999
2014 01 10 08     3   -14 10155    40    10 -9999 -9999 -9999
2014 01 10 09     5   -11 10153   130    20     5 -9999 -9999
2014 01 10 10     5   -12 10155   150    40 -9999 -9999 -9999
2014 01 10 11     4    -9 10153   100    70 -9999 -9999 -9999
2014 01 10 12     5    -5 10148   100    60     8 -9999     0
2014 01 10 13     6    -8 10147    90    50 -9999 -9999 -9999
2014 01 10 14     9   -10 10148   110    40 -9999 -9999 -9999
2014 01 10 15     6    -8 10149   120    70     6 -9999 -9999
2014 01 10 16     6   -11 10147   110    40 -9999 -9999 -9999
2014 01 10 17     8    -6 10145   120    30 -9999 -9999 -9999
2014 01 10 18    -3   -17 10143   220    30     2 -9999 -9999
2014 01 10 19     7    -6 10142   110    50 -9999 -9999 -9999
2014 01 10 20     5    -7 10144   140    50 -9999 -9999 -9999
2014 01 10 21     2   -10 10143   110    30 -9999 -9999 -9999
2014 01 10 22     4    -8 10143    90    50 -9999 -9999 -9999
2014 01 10 23     2   -11 10142    80    10 -9999 -9999 -9999
2014 01 11 00     4   -11 10142    80    50     4 -9999     0
2014 01 11 01     3   -12 10142    40    10 -9999 -9999 -9999
2014 01 11 02     4   -11 10141    70    60 -9999 -9999 -9999
2014 01 11 03     0   -11 10140    10    10 -9999 -9999 -9999
2014 01 11 04     0   -11 10138    90    40 -9999 -9999 -9999
2014 01 11 05     1   -11 10137    70    60 -9999 -9999 -9999
2014 01 11 06    -1   -11 10138   190    20     4 -9999 -9999
2014 01 11 07     1   -13 10137    80    40 -9999 -9999 -9999
2014 01 11 08     6    -6 10143   100    40 -9999 -9999 -9999
2014 01 11 09     3   -12 10144    80    50     3 -9999 -9999
2014 01 11 10    -6   -17 10146    20    20 -9999 -9999 -9999
2014 01 11 11     3   -10 10149   160    40 -9999 -9999 -9999
2014 01 11 12    -1   -13 10147    40    10     5 -9999     0
2014 01 11 13     4   -10 10145    90    50 -9999 -9999 -9999
2014 01 11 14     2    -8 10150   100    50 -9999 -9999 -9999
2014 01 11 15    -2   -11 10148    90    20     6 -9999 -9999
2014 01 11 16    -2    -8 10154   130    60 -9999 -9999 -9999
2014 01 11 17    -4   -11 10153   290    10 -9999 -9999 -9999
2014 01 11 18     2    -9 10155    90    30     7 -9999 -9999
2014 01 11 19     8   -18 10159    90    50 -9999 -9999 -9999
2014 01 11 20     5   -16 10165   190    50 -9999 -9999 -9999
2014 01 11 21    -3   -19 10169   220    20 -9999 -9999 -9999
2014 01 11 22     0   -12 10172    90    30 -9999 -9999 -9999
2014 01 11 23    -4   -18 10172   150    10 -9999 -9999 -9999
2014 01 12 00     6   -15 10176   120    70     5 -9999     0
2014 01 12 01    -2   -18 10179    60    10 -9999 -9999 -9999
2014 01 12 02    -5   -24 10181    60    30 -9999 -9999 -9999
2014 01 12 03     7   -15 10182   110    50 -9999 -9999 -9999
2014 01 12 04     7   -22 10185   150    30 -9999 -9999 -9999
2014 01 12 05     7   -25 10187   170    90 -9999 -9999 -9999
2014 01 12 06     7   -29 10191   150    60     5 -9999 -9999
2014 01 12 07   -11   -30 10194   160    30 -9999 -9999 -9999
2014 01 12 08    -8   -25 10197   250    10 -9999 -9999 -9999
2014 01 12 09     4   -29 10199   160    50     3 -9999 -9999
2014 01 12 10   -14   -38 10203   220    30 -9999 -9999 -9999
2014 01 12 11    -9   -28 10207   240    20 -9999 -9999 -9999
2014 01 12 12    -2   -25 10209   230    20     5 -9999     0
2014 01 12 13    -8   -32 10209   230    10 -9999 -9999 -9999
2014 01 12 14    -6   -30 10209   230    10 -9999 -9999 -9999
2014 01 12 15    -4   -30 10210   160    10     6 -9999 -9999
2014 01 12 16    -5   -17 10211   250    10 -9999 -9999 -9999
2014 01 12 17     3   -16 10212   140    60 -9999 -9999 -9999
2014 01 12 18    -1   -18 10214   110    50     5 -9999 -9999
2014 01 12 19    -2   -14 10219   100    30 -9999 -9999 -9999
2014 01 12 20     0   -10 10220   130    50 -9999 -9999 -9999
2014 01 12 21     0   -10 10220   110    40 -9999 -9999 -9999
2014 01 12 22     4    -9 10220   100    60 -9999 -9999 -9999
2014 01 12 23     6    -8 10222   120    60 -9999 -9999 -9999
2014 01 13 00     7   -11 10222   110    50 -9999 -9999 -9999
2014 01 13 01     5   -12 10223   100    60 -9999 -9999 -9999
2014 01 13 03   -15   -30 10227    20    20 -9999 -9999 -9999
2014 01 13 04    -6   -18 10227    50    20 -9999 -9999 -9999
2014 01 13 05    -4   -24 10229    30    30 -9999 -9999 -9999
2014 01 13 06    -3   -15 10230   360    10     4 -9999 -9999
2014 01 13 07    -6   -24 10233    40    20 -9999 -9999 -9999
2014 01 13 08    -8   -32 10235    40    40 -9999 -9999 -9999
2014 01 13 09     5   -21 10238    70    70     2 -9999 -9999
2014 01 13 10     7   -28 10239    80    80 -9999 -9999 -9999
2014 01 13 11     1   -40 10239    90    80 -9999 -9999 -9999
2014 01 13 12     0   -36 10241    80    80     1 -9999 -9999
2014 01 13 13    -1   -38 10237    90   110 -9999 -9999 -9999
2014 01 13 14     0   -40 10241    80    80 -9999 -9999 -9999
2014 01 13 15    -1   -41 10240    80    90     7 -9999 -9999
2014 01 13 16    -3   -33 10239    60    70 -9999 -9999 -9999
2014 01 13 17     0   -38 10238    60    90 -9999 -9999 -9999
2014 01 13 18     1   -45 10237    70    90     4 -9999 -9999
2014 01 13 19     1   -35 10235    60   110 -9999 -9999 -9999
2014 01 13 20     1   -34 10234    60   100 -9999 -9999 -9999
2014 01 13 21     3   -37 10234    70   110 -9999 -9999 -9999
2014 01 13 22     2   -31 10232    70   100 -9999 -9999 -9999
2014 01 13 23     1   -33 10229    70   110 -9999 -9999 -9999
2014 01 14 00     0   -26 10226    60   100     5 -9999 -9999
2014 01 14 01     0   -31 10224    70   100 -9999 -9999 -9999
2014 01 14 02     1   -34 10218    70   100 -9999 -9999 -9999
2014 01 14 03   -11   -43 10215    30    60 -9999 -9999 -9999
2014 01 14 04   -10   -39 10210    40    50 -9999 -9999 -9999
2014 01 14 05   -14   -48 10204    30    60 -9999 -9999 -9999
2014 01 14 06    -7   -41 10197    50    80     2 -9999 -9999
2014 01 14 07    -6   -43 10193    50    80 -9999 -9999 -9999
2014 01 14 08    -6   -42 10189    60    80 -9999 -9999 -9999
2014 01 14 09    -5   -41 10183    70    90     2 -9999 -9999
2014 01 14 10    -4   -43 10180    70   100 -9999 -9999 -9999
2014 01 14 11    -5   -50 10175    60    80 -9999 -9999 -9999
2014 01 14 12    -6   -44 10168    70    80     4 -9999 -9999
2014 01 14 13    -7   -45 10160    60    70 -9999 -9999 -9999
2014 01 14 14   -20   -56 10152    40    70 -9999 -9999 -9999
2014 01 14 15   -29   -74 10147   340    10     3 -9999 -9999
2014 01 14 16   -19   -59 10139   360    40 -9999 -9999 -9999
2014 01 14 18   -17   -51 10125   360    90     3 -9999 -9999
2014 01 14 19   -16   -35 10117   350   110 -9999 -9999 -9999
2014 01 14 20   -13   -26 10112   350   100 -9999 -9999 -9999
2014 01 14 21   -11   -21 10109   350   100 -9999 -9999 -9999
2014 01 14 22   -10   -20 10104   340    70 -9999 -9999 -9999
2014 01 14 23     1   -23 10101   340    20 -9999 -9999 -9999
2014 01 15 00    -1   -17 10100    70    10     8 -9999 -9999
2014 01 15 01    -3   -16 10098   220    30 -9999 -9999 -9999
2014 01 15 02    -6   -19 10098   220    10 -9999 -9999 -9999
2014 01 15 03     3    -8 10098   160    40 -9999 -9999 -9999
2014 01 15 04     2   -12 10096   160    50 -9999 -9999 -9999
2014 01 15 05    -6   -19 10096   210    10 -9999 -9999 -9999
2014 01 15 06   -17   -33 10098   320    10     5 -9999 -9999
2014 01 15 07   -24   -42 10100   330    10 -9999 -9999 -9999
2014 01 15 08   -25   -44 10102   290    20 -9999 -9999 -9999
2014 01 15 09   -21   -45 10108   310    10     3 -9999 -9999
2014 01 15 10   -22   -49 10110   320    20 -9999 -9999 -9999
2014 01 15 11   -11   -35 10109   340    10 -9999 -9999 -9999
2014 01 15 12   -17   -38 10106   330    20     4 -9999 -9999
2014 01 15 13   -10   -28 10104   330    10 -9999 -9999 -9999
2014 01 15 14    -7   -43 10101   250    10 -9999 -9999 -9999
2014 01 15 15     6   -17 10101    80    50     7 -9999 -9999
2014 01 15 16     4   -15 10103    70    10 -9999 -9999 -9999
2014 01 15 17     5   -10 10099   340    20 -9999 -9999 -9999
2014 01 15 18    11    -1 10098    90    40     8 -9999 -9999
2014 01 15 19    15     6 10096    90    60 -9999 -9999 -9999
2014 01 15 20    19    13 10097   170    60 -9999 -9999 -9999
2014 01 15 21    15     9 10100   210    40 -9999 -9999 -9999
2014 01 15 22    19    13 10103   210    50 -9999 -9999 -9999
2014 01 15 23    17    11 10104   200    50 -9999 -9999 -9999
2014 01 16 00    21    15 10106   160    80     8 -9999 -9999
2014 01 16 01    19     7 10107   220    30 -9999 -9999 -9999
2014 01 16 02    18     8 10108   200    20 -9999 -9999 -9999
2014 01 16 03    17     8 10108   180    30 -9999 -9999 -9999
2014 01 16 04    19    11 10106   160    60 -9999 -9999 -9999
2014 01 16 05    17     9 10106   150    80 -9999 -9999 -9999
2014 01 16 06    15     7 10105   180    70     8 -9999 -9999
2014 01 16 07    15     6 10104   210    30 -9999 -9999 -9999
2014 01 16 08    15     2 10104   180    30 -9999 -9999 -9999
2014 01 16 09    15    -9 10106   150    50     8 -9999 -9999
2014 01 16 10    15    -6 10105   130    40 -9999 -9999 -9999
2014 01 16 11    15    -4 10102   110    40 -9999 -9999 -9999
2014 01 16 12    13   -15 10098   120    80     8 -9999 -9999
2014 01 16 13     5   -12 10098   140   100 -9999 -9999 -9999
2014 01 16 14    10    -6 10093   130    40 -9999 -9999 -9999
2014 01 16 15    10   -18 10087   120    60     6 -9999 -9999
2014 01 16 16     3   -14 10085   110    20 -9999 -9999 -9999
2014 01 16 17     9   -18 10081   120    70 -9999 -9999 -9999
2014 01 16 18     9   -16 10076   110    60     3 -9999 -9999
2014 01 16 19     7   -14 10074   100    60 -9999 -9999 -9999
2014 01 16 20     6   -11 10070    90    70 -9999 -9999 -9999
2014 01 16 21     9    -9 10068    80    70 -9999 -9999 -9999
2014 01 16 22     6    -7 10063    90    50 -9999 -9999 -9999
2014 01 16 23     9    -6 10057    80    70 -9999 -9999 -9999
2014 01 17 00     8    -6 10054    80    70     9 -9999 -9999
2014 01 17 01     9    -1 10046    90    60 -9999 -9999 -9999
2014 01 17 02     9     0 10041   100    60 -9999 -9999 -9999
2014 01 17 03    13     6 10037   130    70 -9999 -9999 -9999
2014 01 17 04    10     3 10038   220    20 -9999 -9999 -9999
2014 01 17 05    12     5 10038   210    20 -9999 -9999 -9999
2014 01 17 06    17    10 10041   170    40     8 -9999 -9999
2014 01 17 07    19    13 10044   160    70 -9999 -9999 -9999
2014 01 17 08    16     9 10049   180    50 -9999 -9999 -9999
2014 01 17 09    15     8 10054   170    70     8 -9999 -9999
2014 01 17 10    18    10 10056   160    80 -9999 -9999 -9999
2014 01 17 11    16     8 10056   160    80 -9999 -9999 -9999
2014 01 17 12    18    10 10058   140    60     8 -9999 -9999
2014 01 17 13    17     8 10061   110    40 -9999 -9999 -9999
2014 01 17 14    17     8 10063   120    30 -9999 -9999 -9999
2014 01 17 15    17     7 10066   160    20     8 -9999 -9999
2014 01 17 16    18     8 10068   140    50 -9999 -9999 -9999
2014 01 17 17    22     5 10068   130    80 -9999 -9999 -9999
2014 01 17 18    19     5 10075   120    40     8 -9999 -9999
2014 01 17 19    21     4 10078   120    60 -9999 -9999 -9999
2014 01 17 20    21     4 10082   120    60 -9999 -9999 -9999
2014 01 17 21    18     2 10086   130    50 -9999 -9999 -9999
2014 01 17 22    19     4 10090   120    70 -9999 -9999 -9999
2014 01 17 23    19     5 10092   120    60 -9999 -9999 -9999
2014 01 18 00    15    -1 10093   120    80     8 -9999     0
2014 01 18 01    19     0 10092   140    50 -9999 -9999 -9999
2014 01 18 02    18    -1 10096   110    80 -9999 -9999 -9999
2014 01 18 03    18    -5 10093   120    70 -9999 -9999 -9999
2014 01 18 04    13    -8 10095   100    70 -9999 -9999 -9999
2014 01 18 05    17    -5 10098    90    80 -9999 -9999 -9999
2014 01 18 06    16    -8 10097    90    80     7 -9999 -9999
2014 01 18 07    14    -8 10097    90    90 -9999 -9999 -9999
2014 01 18 08    13    -7 10099    90    90 -9999 -9999 -9999
2014 01 18 09     9    -8 10099    80    90     3 -9999 -9999
2014 01 18 10    10   -12 10102    80   110 -9999 -9999 -9999
2014 01 18 11     8   -12 10099    70    70 -9999 -9999 -9999
2014 01 18 12    10   -10 10097    70    90     5 -9999     0
2014 01 18 13     9    -2 10095    70    70 -9999 -9999 -9999
2014 01 18 14    11    -6 10091    60    70 -9999 -9999 -9999
2014 01 18 15    13   -10 10086    80    90     7 -9999 -9999
2014 01 18 16    12    -9 10085    90   100 -9999 -9999 -9999
2014 01 18 17    13    -8 10083    80    80 -9999 -9999 -9999
2014 01 18 18    14    -5 10078    90    80     8 -9999 -9999
2014 01 18 19    15    -2 10077    80    90 -9999 -9999 -9999
2014 01 18 20    17    -1 10074    80    80 -9999 -9999 -9999
2014 01 18 21    18     3 10071    80    90 -9999 -9999 -9999
2014 01 18 22    11     1 10074   110    60 -9999 -9999 -9999
2014 01 18 23    13     4 10072   110    60 -9999 -9999 -9999
2014 01 19 00    10     2 10075   140    60     8 -9999     0
2014 01 19 01     7     1 10077   120    40 -9999 -9999 -9999
2014 01 19 02    10     5 10073   100    60 -9999 -9999 -9999
2014 01 19 03    15     9 10073   150    50 -9999 -9999 -9999
2014 01 19 04    17    12 10074   130    40 -9999 -9999 -9999
2014 01 19 05    17    11 10072   120    40 -9999 -9999 -9999
2014 01 19 06    21    16 10072   140    50     8 -9999 -9999
2014 01 19 07    22    17 10074   150    50 -9999 -9999 -9999
2014 01 19 08    23    16 10076   160    60 -9999 -9999 -9999
2014 01 19 09    25    19 10079   150    70     8 -9999 -9999
2014 01 19 10    26    20 10083   150    90 -9999 -9999 -9999
2014 01 19 11    25    20 10086   160    90 -9999 -9999 -9999
2014 01 19 12    24    18 10090   160    80     8 -9999     2
2014 01 19 13    24    18 10093   150    80 -9999 -9999 -9999
2014 01 19 14    23    17 10096   160    80 -9999 -9999 -9999
2014 01 19 15    23    17 10098   160    80     8 -9999 -9999
2014 01 19 16    23    18 10101   160   100 -9999 -9999 -9999
2014 01 19 17    20    15 10108   190    50 -9999 -9999 -9999
2014 01 19 18    20    15 10112   160    50     8 -9999 -9999
2014 01 19 19    22    16 10116   150    50 -9999 -9999 -9999
2014 01 19 20    22    15 10120   150    60 -9999 -9999 -9999
2014 01 19 21    22    16 10120   150    60 -9999 -9999 -9999
2014 01 19 22    24    18 10122   140    70 -9999 -9999 -9999
2014 01 19 23    23    17 10122   130    70 -9999 -9999 -9999
2014 01 20 00    21    16 10123   120    60     8 -9999     0
2014 01 20 01    21    15 10125   120    60 -9999 -9999 -9999
2014 01 20 02    21    15 10124   130    50 -9999 -9999 -9999
2014 01 20 03    22    16 10124   160    70 -9999 -9999 -9999
2014 01 20 04    23    17 10124   140    60 -9999 -9999 -9999
2014 01 20 05    21    15 10127   150    50 -9999 -9999 -9999
2014 01 20 06    22    16 10129   140    60     8 -9999 -9999
2014 01 20 07    19    14 10129   130    40 -9999 -9999 -9999
2014 01 20 08    20    15 10133   130    50 -9999 -9999 -9999
2014 01 20 09    20    15 10136   110    40     8 -9999 -9999
2014 01 20 10    20    15 10136   110    30 -9999 -9999 -9999
2014 01 20 11    22    17 10136   110    60 -9999 -9999 -9999
2014 01 20 12    21    16 10136   110    50     8 -9999     0
2014 01 20 13    22    17 10137   110    50 -9999 -9999 -9999
2014 01 20 14    22    17 10137   100    50 -9999 -9999 -9999
2014 01 20 15    22    17 10136    90    40     8 -9999 -9999
2014 01 20 16    23    18 10134    80    30 -9999 -9999 -9999
2014 01 20 17    23    18 10133    70    20 -9999 -9999 -9999
2014 01 20 18    25    20 10131    80    40     8 -9999 -9999
2014 01 20 19    23    18 10129    80    40 -9999 -9999 -9999
2014 01 20 20    25    20 10122    90    60 -9999 -9999 -9999
2014 01 20 21    24    18 10119    90    60 -9999 -9999 -9999
2014 01 20 22    24    17 10114    90    70 -9999 -9999 -9999
2014 01 20 23    24    15 10109    90    80 -9999 -9999 -9999
2014 01 21 00    25    16 10103    90    80     8 -9999     0
2014 01 21 01    22    14 10098   100    60 -9999 -9999 -9999
2014 01 21 02    23    16 10093   110    60 -9999 -9999 -9999
2014 01 21 03    23    17 10091   130    70 -9999 -9999 -9999
2014 01 21 04    24    18 10087   120    70 -9999 -9999 -9999
2014 01 21 05    24    18 10082   120    70 -9999 -9999 -9999
2014 01 21 06    22    16 10079   110    60     8 -9999 -9999
2014 01 21 07    24    18 10079   110    60 -9999 -9999 -9999
2014 01 21 08    25    19 10077   110    60 -9999 -9999 -9999
2014 01 21 09    24    18 10076   110    60     8 -9999 -9999
2014 01 21 10    25    19 10073   120    60 -9999 -9999 -9999
2014 01 21 11    27    21 10070   130    70 -9999 -9999 -9999
2014 01 21 12    27    22 10068   120    60     8 -9999     0
2014 01 21 13    27    22 10067   140    70 -9999 -9999 -9999
2014 01 21 14    24    20 10068   150    70 -9999 -9999 -9999
2014 01 21 15    22    16 10071   190    50     8 -9999 -9999
2014 01 21 16    21    16 10073   190    60 -9999 -9999 -9999
2014 01 21 17    18    13 10075   200    30 -9999 -9999 -9999
2014 01 21 18    18    14 10080   190    40     9 -9999 -9999
2014 01 21 19    18    15 10082   180    40 -9999 -9999 -9999
2014 01 21 20    17    14 10083   200    30 -9999 -9999 -9999
2014 01 21 21    18    15 10084   190    40 -9999 -9999 -9999
2014 01 21 22    20    17 10084   200    40 -9999 -9999 -9999
2014 01 21 23    25    22 10083   180    20 -9999 -9999 -9999
2014 01 22 00    23    20 10083   140    10     8 -9999     0
2014 01 22 01    22    19 10081   150    40 -9999 -9999 -9999
2014 01 22 02    20    17 10081   160    30 -9999 -9999 -9999
2014 01 22 03    20    17 10079   180    10 -9999 -9999 -9999
2014 01 22 04    20    17 10077   190    10 -9999 -9999 -9999
2014 01 22 05    20    17 10074   180    30 -9999 -9999 -9999
2014 01 22 06    22    18 10073   140    30     8 -9999 -9999
2014 01 22 07    22    18 10071   140    30 -9999 -9999 -9999
2014 01 22 08    22    18 10070   140    30 -9999 -9999 -9999
2014 01 22 09    24    19 10069   140    60     8 -9999 -9999
2014 01 22 10    23    18 10067   130    50 -9999 -9999 -9999
2014 01 22 11    24    19 10066   150    60 -9999 -9999 -9999
2014 01 22 12    23    17 10064   130    50     8 -9999     0
2014 01 22 13    22    17 10060   110    40 -9999 -9999 -9999
2014 01 22 14    22    17 10057   130    40 -9999 -9999 -9999
2014 01 22 15    24    19 10054   140    50     8 -9999 -9999
2014 01 22 16    25    20 10050   120    50 -9999 -9999 -9999
2014 01 22 17    25    20 10048   120    50 -9999 -9999 -9999
2014 01 22 18    24    19 10045   110    50     8 -9999 -9999
2014 01 22 19    24    19 10040   110    50 -9999 -9999 -9999
2014 01 22 20    25    20 10037   120    60 -9999 -9999 -9999
2014 01 22 21    25    20 10034   120    60 -9999 -9999 -9999
2014 01 22 22    27    22 10032   140    60 -9999 -9999 -9999
2014 01 22 23    28    22 10028   130    70 -9999 -9999 -9999
2014 01 23 00    26    21 10025   140    60     8 -9999     0
2014 01 23 01    28    22 10024   140    60 -9999 -9999 -9999
2014 01 23 02    27    20 10024   130    60 -9999 -9999 -9999
2014 01 23 03    26    20 10021   130    60 -9999 -9999 -9999
2014 01 23 04    26    19 10019   130    60 -9999 -9999 -9999
2014 01 23 05    28    20 10016   140    60 -9999 -9999 -9999
2014 01 23 06    27    19 10016   130    60     8 -9999 -9999
2014 01 23 07    26    18 10015   130    50 -9999 -9999 -9999
2014 01 23 08    27    18 10019   140    70 -9999 -9999 -9999
2014 01 23 09    28    19 10021   130    80     8 -9999 -9999
2014 01 23 10    29    18 10024   130    70 -9999 -9999 -9999
2014 01 23 11    29    19 10026   130    70 -9999 -9999 -9999
2014 01 23 12    28    18 10027   140    60     8 -9999     0
2014 01 23 13    29    18 10026   130    70 -9999 -9999 -9999
2014 01 23 14    28    16 10025   140    60 -9999 -9999 -9999
2014 01 23 15    27    17 10024   130    60     8 -9999 -9999
2014 01 23 16    28    18 10023   130    80 -9999 -9999 -9999
2014 01 23 17    27    17 10024   120    70 -9999 -9999 -9999
2014 01 23 18    27    18 10025   120    60     8 -9999 -9999
2014 01 23 19    27    18 10024   120    60 -9999 -9999 -9999
2014 01 23 20    26    16 10024   110    60 -9999 -9999 -9999
2014 01 23 21    26    17 10024   110    80 -9999 -9999 -9999
2014 01 23 22    27    17 10019   110    90 -9999 -9999 -9999
2014 01 23 23    27    19 10017   110    90 -9999 -9999 -9999
2014 01 24 00    26    20 10013   110    80     8 -9999     0
2014 01 24 01    24    18 10011   110    60 -9999 -9999 -9999
2014 01 24 02    23    18 10008   110    60 -9999 -9999 -9999
2014 01 24 03    24    20 10007   130    60 -9999 -9999 -9999
2014 01 24 04    25    21 10007   140    60 -9999 -9999 -9999
2014 01 24 05    24    21 10005   120    50 -9999 -9999 -9999
2014 01 24 06    24    21 10001   110    50     8 -9999 -9999
2014 01 24 07    26    23  9998   100    60 -9999 -9999 -9999
2014 01 24 08    26    23  9998   120    50 -9999 -9999 -9999
2014 01 24 09    25    21  9996   100    40     8 -9999 -9999
2014 01 24 10    26    22  9992   100    50 -9999 -9999 -9999
2014 01 24 11    26    21  9986   110    60 -9999 -9999 -9999
2014 01 24 12    27    21  9978   110    60     8 -9999     0
2014 01 24 13    28    22  9969   100    60 -9999 -9999 -9999
2014 01 24 14    27    20  9959   100    60 -9999 -9999 -9999
2014 01 24 15    27    19  9953   110    50     7 -9999 -9999
2014 01 24 16    27    16  9948   130    50 -9999 -9999 -9999
2014 01 24 17    25    14  9944   140    60 -9999 -9999 -9999
2014 01 24 18    22     9  9940   130    40     6 -9999 -9999
2014 01 24 19    22    11  9936   120    60 -9999 -9999 -9999
2014 01 24 20    23    10  9928   110   120 -9999 -9999 -9999
2014 01 24 21    24    14  9914   110   100 -9999 -9999 -9999
2014 01 24 22    28    16  9900   110   110 -9999 -9999 -9999
2014 01 24 23    28    15  9888    80   110 -9999 -9999 -9999
2014 01 25 00    28    19  9872   100   110     8 -9999     0
2014 01 25 01    29    20  9858   100   110 -9999 -9999 -9999
2014 01 25 02    27    15  9846   100   130 -9999 -9999 -9999
2014 01 25 03    22    14  9836   100   140 -9999 -9999 -9999
2014 01 25 04    23    14  9822   100   150 -9999 -9999 -9999
2014 01 25 05    23    15  9812   100   150 -9999 -9999 -9999
2014 01 25 06    23    15  9804   100   140     8 -9999 -9999
2014 01 25 07    25    16  9798   100   150 -9999 -9999 -9999
2014 01 25 08    26    17  9798   100   140 -9999 -9999 -9999
2014 01 25 09    23    16  9801   100   130     8 -9999 -9999
2014 01 25 10    23    17  9800    90    90 -9999 -9999 -9999
2014 01 25 11    26    21  9803   100    70 -9999 -9999 -9999
2014 01 25 12    26    21  9813   100    40     8 -9999     2
2014 01 25 13    27    22  9818   100    40 -9999 -9999 -9999
2014 01 25 14    32    27  9823    90    80 -9999 -9999 -9999
2014 01 25 15    28    22  9826   100    60     9 -9999 -9999
2014 01 25 16    32    26  9829    90    80 -9999 -9999 -9999
2014 01 25 17    30    24  9835    90    70 -9999 -9999 -9999
2014 01 25 18    26    20  9840    90    50     8 -9999 -9999
2014 01 25 19    29    23  9848    90    70 -9999 -9999 -9999
2014 01 25 20    30    23  9851   100    80 -9999 -9999 -9999
2014 01 25 21    29    22  9857   100    80 -9999 -9999 -9999
2014 01 25 22    30    23  9864   100    80 -9999 -9999 -9999
2014 01 25 23    28    21  9873   100    60 -9999 -9999 -9999
2014 01 26 00    26    19  9877    90    60     8 -9999     0
2014 01 26 01    25    19  9883   100    50 -9999 -9999 -9999
2014 01 26 02    26    20  9885   100    70 -9999 -9999 -9999
2014 01 26 03    26    20  9889   100    50 -9999 -9999 -9999
2014 01 26 04    29    22  9891    90    80 -9999 -9999 -9999
2014 01 26 05    32    23  9891    80    90 -9999 -9999 -9999
2014 01 26 06    32    23  9892    80    90     8 -9999 -9999
2014 01 26 07    24    16  9898   100    60 -9999 -9999 -9999
2014 01 26 08    27    21  9911   130    60 -9999 -9999 -9999
2014 01 26 09    26    20  9929   120    50     6 -9999 -9999
2014 01 26 10    22    16  9943   110    30 -9999 -9999 -9999
2014 01 26 11    22    16  9960   130    30 -9999 -9999 -9999
2014 01 26 12    19    13  9973    30    10     7 -9999     2
2014 01 26 13    25    19  9986    90    40 -9999 -9999 -9999
2014 01 26 14    27    21 10000    80    50 -9999 -9999 -9999
2014 01 26 15    32    25 10010    90    70     8 -9999 -9999
2014 01 26 16    27    20 10018   110    60 -9999 -9999 -9999
2014 01 26 17    25    19 10029   110    70 -9999 -9999 -9999
2014 01 26 18    24    19 10039   100    40     9 -9999 -9999
2014 01 26 19    27    22 10051    90    40 -9999 -9999 -9999
2014 01 26 20    27    21 10060   100    30 -9999 -9999 -9999
2014 01 26 21    28    22 10070    70    30 -9999 -9999 -9999
2014 01 26 22    32    26 10078    80    40 -9999 -9999 -9999
2014 01 26 23    31    23 10086    80    40 -9999 -9999 -9999
2014 01 27 00    28    20 10093    90    10     8 -9999    -1
2014 01 27 01    26    18 10100    60    10 -9999 -9999 -9999
2014 01 27 02    25    18 10104   350    10 -9999 -9999 -9999
2014 01 27 03    25    18 10110   320    10 -9999 -9999 -9999
2014 01 27 04    25    18 10117    20    20 -9999 -9999 -9999
2014 01 27 05    24    17 10120    70    20 -9999 -9999 -9999
2014 01 27 06    24    18 10124    60    20     8 -9999 -9999
2014 01 27 07    26    20 10129    80    40 -9999 -9999 -9999
2014 01 27 08    25    19 10134    80    40 -9999 -9999 -9999
2014 01 27 09    23    17 10139    80    20     8 -9999 -9999
2014 01 27 10    24    18 10141    90    20 -9999 -9999 -9999
2014 01 27 11    23    17 10142   170    10 -9999 -9999 -9999
2014 01 27 12    23    17 10142   350    10     8 -9999     0
2014 01 27 13    25    18 10138    40    10 -9999 -9999 -9999
2014 01 27 14    24    14 10135    80    30 -9999 -9999 -9999
2014 01 27 15    17     9 10132   210    20     7 -9999 -9999
2014 01 27 16    23    16 10132   180    30 -9999 -9999 -9999
2014 01 27 17    22    14 10129    70    30 -9999 -9999 -9999
2014 01 27 18    18     9 10129    80    40     7 -9999 -9999
2014 01 27 19    15     0 10130    50    30 -9999 -9999 -9999
2014 01 27 20    13    -5 10125   300    20 -9999 -9999 -9999
2014 01 27 21    13    -4 10123   180    10 -9999 -9999 -9999
2014 01 27 22    12    -4 10118   150    30 -9999 -9999 -9999
2014 01 27 23    13    -6 10114   200    60 -9999 -9999 -9999
2014 01 28 00    13    -2 10112   190    30     8 -9999     0
2014 01 28 01    13    -4 10111   120    20 -9999 -9999 -9999
2014 01 28 02    10    -3 10109   200    20 -9999 -9999 -9999
2014 01 28 03    12     0 10108   160    10 -9999 -9999 -9999
2014 01 28 04    11    -2 10107   350    10 -9999 -9999 -9999
2014 01 28 05    13     1 10106    50    20 -9999 -9999 -9999
2014 01 28 06    14     0 10104     0 -9999     8 -9999 -9999
2014 01 28 07    16     1 10106    10    30 -9999 -9999 -9999
2014 01 28 08    14    -3 10107   280    10 -9999 -9999 -9999
2014 01 28 09    15    -4 10109   210    20     8 -9999 -9999
2014 01 28 10    15    -3 10112    70    10 -9999 -9999 -9999
2014 01 28 11    14    -1 10115   100    10 -9999 -9999 -9999
2014 01 28 12    15     2 10113   200    30     6 -9999     0
2014 01 28 13    14     1 10112   230    20 -9999 -9999 -9999
2014 01 28 14    12    -1 10112   250    10 -9999 -9999 -9999
2014 01 28 15    12     1 10113   230    20     7 -9999 -9999
2014 01 28 16     9    -2 10114    10    20 -9999 -9999 -9999
2014 01 28 17    10    -1 10116    80    20 -9999 -9999 -9999
2014 01 28 18    10    -1 10119   200    10     8 -9999 -9999
2014 01 28 19    11     2 10124   150    20 -9999 -9999 -9999
2014 01 28 20     9    -1 10127   210    10 -9999 -9999 -9999
2014 01 28 21     8    -2 10128   230    10 -9999 -9999 -9999
2014 01 28 22     8    -2 10128   230    10 -9999 -9999 -9999
2014 01 28 23     7    -4 10130    50    10 -9999 -9999 -9999
2014 01 29 00     4    -6 10133    10    10     8 -9999    -1
2014 01 29 01     3    -7 10134     0 -9999 -9999 -9999 -9999
2014 01 29 02     4    -5 10136   280    10 -9999 -9999 -9999
2014 01 29 03     3    -6 10136   260    10 -9999 -9999 -9999
2014 01 29 04     7    -3 10139   230    20 -9999 -9999 -9999
2014 01 29 05     8    -1 10138   160    10 -9999 -9999 -9999
2014 01 29 06     6    -2 10140     0 -9999     8 -9999 -9999
2014 01 29 07     8     1 10141   190    20 -9999 -9999 -9999
2014 01 29 08     7     0 10143   220    20 -9999 -9999 -9999
2014 01 29 09     6    -1 10146   230    10     9 -9999 -9999
2014 01 29 10     6     0 10147   220    10 -9999 -9999 -9999
2014 01 29 11     7     1 10146   170    10 -9999 -9999 -9999
2014 01 29 12     8     2 10147   170    20     8 -9999     0
2014 01 29 13     8     3 10146   170    30 -9999 -9999 -9999
2014 01 29 14     8     3 10146   200    50 -9999 -9999 -9999
2014 01 29 15     8     2 10145   190    40     8 -9999 -9999
2014 01 29 16     6    -1 10144   200    30 -9999 -9999 -9999
2014 01 29 17     6     0 10144   180    30 -9999 -9999 -9999
2014 01 29 18     5    -1 10143   180    40     8 -9999 -9999
2014 01 29 19     6     1 10145   180    30 -9999 -9999 -9999
2014 01 29 20     6     1 10146   210    20 -9999 -9999 -9999
2014 01 29 21     8     2 10147   190    30 -9999 -9999 -9999
2014 01 29 22     9     3 10147   180    40 -9999 -9999 -9999
2014 01 29 23     1    -4 10149   170    60 -9999 -9999 -9999
2014 01 30 00    -3    -6 10146   160    30     8 -9999    -1
2014 01 30 01     0    -3 10144   140    40 -9999 -9999 -9999
2014 01 30 02     6     2 10141   100    40 -9999 -9999 -9999
2014 01 30 03    14     9 10135    90    60 -9999 -9999 -9999
2014 01 30 04    19    13 10132   120    60 -9999 -9999 -9999
2014 01 30 05    20    14 10130   160    60 -9999 -9999 -9999
2014 01 30 06    19    13 10130   150    70     5 -9999 -9999
2014 01 30 07    21    15 10133   150    80 -9999 -9999 -9999
2014 01 30 09    20    15 10139   150    70     5 -9999 -9999
2014 01 30 10    19    14 10138   150    70 -9999 -9999 -9999
2014 01 30 11    18    13 10139   140    60 -9999 -9999 -9999
2014 01 30 12    19    14 10140   140    60     5 -9999    -1
2014 01 30 13    21    16 10138   140    70 -9999 -9999 -9999
2014 01 30 14    19    13 10137   150    60 -9999 -9999 -9999
2014 01 30 15    18    12 10135   130    60     4 -9999 -9999
2014 01 30 16    18    13 10131   130    50 -9999 -9999 -9999
2014 01 30 17    19    14 10129   110    50 -9999 -9999 -9999
2014 01 30 18    20    13 10126    90    60     7 -9999 -9999
2014 01 30 19    19    10 10123   110    50 -9999 -9999 -9999
2014 01 30 20    19    10 10121   120    50 -9999 -9999 -9999
2014 01 30 21    13     6 10118   140    50 -9999 -9999 -9999
2014 01 30 22    17     8 10114   100    50 -9999 -9999 -9999
2014 01 30 23    18     7 10111   100    40 -9999 -9999 -9999
2014 01 31 00    19     9 10107   100    60     8 -9999     0
2014 01 31 01    17     7 10102   110    60 -9999 -9999 -9999
2014 01 31 02    18     7 10101   120    50 -9999 -9999 -9999
2014 01 31 03    18     9 10099   110    40 -9999 -9999 -9999
2014 01 31 04    18    10 10096   130    40 -9999 -9999 -9999
2014 01 31 05    16     9 10095   100    20 -9999 -9999 -9999
2014 01 31 06    17    10 10094   100    40     8 -9999 -9999
2014 01 31 07    16     9 10094    40    10 -9999 -9999 -9999
2014 01 31 08    16    10 10096   300    20 -9999 -9999 -9999
2014 01 31 09    14     7 10098    40    10     7 -9999 -9999
2014 01 31 10    16     8 10098   100    50 -9999 -9999 -9999
2014 01 31 11    17     9 10097   100    40 -9999 -9999 -9999
2014 01 31 12    16     8 10100    90    30     6 -9999     0
2014 01 31 13    15     7 10098    60    30 -9999 -9999 -9999
2014 01 31 14    14     6 10097    60    30 -9999 -9999 -9999
2014 01 31 15    12     4 10095    20    10     6 -9999 -9999
2014 01 31 16     9     1 10091    60    20 -9999 -9999 -9999
2014 01 31 17    11     3 10089    10    10 -9999 -9999 -9999
2014 01 31 18    16     3 10088    70    30     7 -9999 -9999
2014 01 31 19    12     1 10085    80    20 -9999 -9999 -9999
2014 01 31 20    16     5 10081   360    30 -9999 -9999 -9999
2014 01 31 21    18     1 10082   120    10 -9999 -9999 -9999
2014 01 31 22    15     1 10081    10    10 -9999 -9999 -9999
2014 01 31 23    17     5 10079    70    40 -9999 -9999 -9999
2014 02 01 00    15     5 10079    90    30     5 -9999     0
2014 02 01 01    13     3 10081   150    10 -9999 -9999 -9999
2014 02 01 02     9     0 10080   330    10 -9999 -9999 -9999
2014 02 01 03     7    -2 10074    50    10 -9999 -9999 -9999
2014 02 01 04     5    -3 10072    70    10 -9999 -9999 -9999
2014 02 01 05     5    -3 10069    50    20 -9999 -9999 -9999
2014 02 01 06     1    -7 10065    20    20     1 -9999 -9999
2014 02 01 07     9    -4 10063   320    50 -9999 -9999 -9999
2014 02 01 08     5    -7 10062   330    70 -9999 -9999 -9999
2014 02 01 09     5   -12 10064   330    70     2 -9999 -9999
2014 02 01 10    -1   -12 10065   330    70 -9999 -9999 -9999
2014 02 01 11    -2   -16 10065    20    30 -9999 -9999 -9999
2014 02 01 12    -7   -19 10063   320    20     2 -9999     0
2014 02 01 13    -7   -18 10058    10    30 -9999 -9999 -9999
2014 02 01 14   -10   -20 10054   190    10 -9999 -9999 -9999
2014 02 01 15   -10   -22 10049    10    40     2 -9999 -9999
2014 02 01 16    -7   -26 10042   360    40 -9999 -9999 -9999
2014 02 01 17    -3   -26 10038   360    30 -9999 -9999 -9999
2014 02 01 18    -1   -27 10039    10    20     2 -9999 -9999
2014 02 01 19     8   -17 10037   340    30 -9999 -9999 -9999
2014 02 01 20     7   -13 10035   120    30 -9999 -9999 -9999
2014 02 01 21     0   -16 10032   330    20 -9999 -9999 -9999
2014 02 01 22     6   -16 10027   360    10 -9999 -9999 -9999
2014 02 01 23     7   -15 10024    80    30 -9999 -9999 -9999
2014 02 02 00     3   -13 10018   330    50     4 -9999     0
2014 02 02 01     3   -20 10010   210    30 -9999 -9999 -9999
2014 02 02 02    -3   -21 10009   330    40 -9999 -9999 -9999
2014 02 02 03    -6   -23 10000   330    70 -9999 -9999 -9999
2014 02 02 04    -5   -22  9997   350    70 -9999 -9999 -9999
2014 02 02 05    -4   -17  9987   350    70 -9999 -9999 -9999
2014 02 02 06    -2    -9  9979   350    90     5 -9999 -9999
2014 02 02 07    -3   -10  9971   350   100 -9999 -9999 -9999
2014 02 02 08    -4   -12  9967   350    80 -9999 -9999 -9999
2014 02 02 09    -4   -12  9964   360    90     6 -9999 -9999
2014 02 02 10    -3   -12  9959    20    30 -9999 -9999 -9999
2014 02 02 11    -2   -18  9951   140    30 -9999 -9999 -9999
2014 02 02 12     4   -28  9942   120    30     5 -9999    -1
2014 02 02 13     0   -19  9936   350    80 -9999 -9999 -9999
2014 02 02 14     1   -11  9933   360    80 -9999 -9999 -9999
2014 02 02 15     1   -13  9926   360    90     7 -9999 -9999
2014 02 02 16     1   -12  9921    10    90 -9999 -9999 -9999
2014 02 02 17     0    -8  9915    10   120 -9999 -9999 -9999
2014 02 02 18     0   -10  9910   360   120     6 -9999 -9999
2014 02 02 19     0   -10  9906   360   100 -9999 -9999 -9999
2014 02 02 20     1   -10  9905    10   130 -9999 -9999 -9999
2014 02 02 21    -3   -10  9902    10   110 -9999 -9999 -9999
2014 02 02 22    -5   -11  9895   360   120 -9999 -9999 -9999
2014 02 02 23    -4   -10  9889   360   110 -9999 -9999 -9999
2014 02 03 00    -2    -9  9880   360   120     7 -9999     0
2014 02 03 01    -4   -12  9873   360   110 -9999 -9999 -9999
2014 02 03 02    -3   -12  9867   360   120 -9999 -9999 -9999
2014 02 03 03    -2   -10  9861   360   140 -9999 -9999 -9999
2014 02 03 04    -2   -12  9863   360   120 -9999 -9999 -9999
2014 02 03 05    -4   -14  9857   360   120 -9999 -9999 -9999
2014 02 03 06    -3   -10  9855   360   140     8 -9999 -9999
2014 02 03 07    -2   -10  9858   360   140 -9999 -9999 -9999
2014 02 03 08    -4   -12  9862   360   140 -9999 -9999 -9999
2014 02 03 09    -4   -12  9867   350   130     8 -9999 -9999
2014 02 03 10    -3   -10  9871   350   130 -9999 -9999 -9999
2014 02 03 11    -4    -9  9876   350   120 -9999 -9999 -9999
2014 02 03 12    -3    -9  9881   350   140     7 -9999     0
2014 02 03 13    -2    -9  9891   350   130 -9999 -9999 -9999
2014 02 03 14    -3    -8  9901   350   130 -9999 -9999 -9999
2014 02 03 15    -6   -10  9910   350   150     9 -9999 -9999
2014 02 03 16   -12   -16  9920   350   160 -9999 -9999 -9999
2014 02 03 18   -18   -26  9942   350   150     6 -9999 -9999
2014 02 03 19   -19   -31  9957   350   140 -9999 -9999 -9999
2014 02 03 20   -21   -33  9967   360   140 -9999 -9999 -9999
2014 02 03 21   -22   -35  9982   360   130 -9999 -9999 -9999
2014 02 03 22   -23   -35  9990   360   110 -9999 -9999 -9999
2014 02 03 23   -23   -35  9997   360    90 -9999 -9999 -9999
2014 02 04 00   -25   -36 10003   360   110     8 -9999     0
2014 02 04 01   -23   -34 10013   360    80 -9999 -9999 -9999
2014 02 04 02   -24   -35 10016   360    80 -9999 -9999 -9999
2014 02 04 03   -23   -33 10016   360    90 -9999 -9999 -9999
2014 02 04 04   -21   -33 10020   360    80 -9999 -9999 -9999
2014 02 04 05   -23   -34 10020    10    90 -9999 -9999 -9999
2014 02 04 06   -18   -31 10021   340    30     8 -9999 -9999
2014 02 04 07   -20   -33 10024    10    40 -9999 -9999 -9999
2014 02 04 08   -22   -34 10021   360    70 -9999 -9999 -9999
2014 02 04 09   -19   -31 10020   240    20     7 -9999 -9999
2014 02 04 10   -11   -23 10020    90    60 -9999 -9999 -9999
2014 02 04 11    -9   -25 10016    70    70 -9999 -9999 -9999
2014 02 04 12    -2   -25 10013    80    80     8 -9999     0
2014 02 04 13     2   -23 10006    70   110 -9999 -9999 -9999
2014 02 04 14     8   -17  9998    80   120 -9999 -9999 -9999
2014 02 04 15    10   -12  9994    80   120     7 -9999 -9999
2014 02 04 16    18    -1  9989    80   130 -9999 -9999 -9999
2014 02 04 17    22     2  9989    80   120 -9999 -9999 -9999
2014 02 04 18    23     7  9988    90    90     7 -9999 -9999
2014 02 04 19    21    11  9991    90    70 -9999 -9999 -9999
2014 02 04 20    23    14  9992   100    60 -9999 -9999 -9999
2014 02 04 21    22    14  9992   100    40 -9999 -9999 -9999
2014 02 04 22    22    14  9993    80    20 -9999 -9999 -9999
2014 02 04 23    22    14  9994    50    10 -9999 -9999 -9999
2014 02 05 00    18    11  9993    20    10     9 -9999    -1
2014 02 05 01    21    14  9992   270    10 -9999 -9999 -9999
2014 02 05 02    22    15  9992   320    30 -9999 -9999 -9999
2014 02 05 03    22    15  9991   360    10 -9999 -9999 -9999
2014 02 05 04    22    15  9990    70    20 -9999 -9999 -9999
2014 02 05 05    22    15  9988    80    20 -9999 -9999 -9999
2014 02 05 06    20    14  9986   100    30     8 -9999 -9999
2014 02 05 07    20    14  9986   120    20 -9999 -9999 -9999
2014 02 05 08    22    16  9985    80    10 -9999 -9999 -9999
2014 02 05 09    24    17  9984    80    40     7 -9999 -9999
2014 02 05 10    21    12  9984    70    50 -9999 -9999 -9999
2014 02 05 11    19    10  9978    30    20 -9999 -9999 -9999
2014 02 05 12    26    11  9977    80    60     8 -9999     0
2014 02 05 13    26    10  9971    60    40 -9999 -9999 -9999
2014 02 05 14    25    10  9967    70    50 -9999 -9999 -9999
2014 02 05 15    25    12  9963    70    50     8 -9999 -9999
2014 02 05 16    24    10  9957    80    60 -9999 -9999 -9999
2014 02 05 17    23     9  9951    70    60 -9999 -9999 -9999
2014 02 05 18    22     7  9948    70    50     8 -9999 -9999
2014 02 05 19    22     8  9947    80    50 -9999 -9999 -9999
2014 02 05 20    20     8  9947    80    40 -9999 -9999 -9999
2014 02 05 21    24    13  9946    80    40 -9999 -9999 -9999
2014 02 05 22    22    12  9946    90    20 -9999 -9999 -9999
2014 02 05 23    21    11  9946     0 -9999 -9999 -9999 -9999
2014 02 06 00    21    12  9949    90    30     8 -9999     0
2014 02 06 01    19    11  9951    80    30 -9999 -9999 -9999
2014 02 06 02    18    11  9951    10    10 -9999 -9999 -9999
2014 02 06 03    19    12  9952   300    10 -9999 -9999 -9999
2014 02 06 04    16     9  9953   200    10 -9999 -9999 -9999
2014 02 06 05    17    11  9956   110    20 -9999 -9999 -9999
2014 02 06 06    16    10  9958    30    10     9 -9999 -9999
2014 02 06 07    13     8  9961    20    10 -9999 -9999 -9999
2014 02 06 08    10     6  9965    80    10 -9999 -9999 -9999
2014 02 06 09    12     8  9972     0 -9999     9 -9999 -9999
2014 02 06 10    13     9  9975   290    10 -9999 -9999 -9999
2014 02 06 11    12     9  9978   170    20 -9999 -9999 -9999
2014 02 06 12    12     9  9980   190    10     9 -9999     0
2014 02 06 13    11     8  9980    50    10 -9999 -9999 -9999
2014 02 06 14    11     8  9980     0 -9999 -9999 -9999 -9999
2014 02 06 15    11     8  9980   150    10     9 -9999 -9999
2014 02 06 16    10     7  9979   190    10 -9999 -9999 -9999
2014 02 06 17    10     7  9981     0 -9999 -9999 -9999 -9999
2014 02 06 18    12     9  9978   350    10     9 -9999 -9999
2014 02 06 19    13    10  9978   340    10 -9999 -9999 -9999
2014 02 06 20    19    15  9976   330    10 -9999 -9999 -9999
2014 02 06 21    17    13  9976   320    10 -9999 -9999 -9999
2014 02 06 22    19    14  9974   330    10 -9999 -9999 -9999
2014 02 06 23    20    14  9975   100    10 -9999 -9999 -9999
2014 02 07 00    22    15  9972   350    20     7 -9999     0
2014 02 07 01    21    13  9969    10    30 -9999 -9999 -9999
2014 02 07 02    21    10  9965    40    10 -9999 -9999 -9999
2014 02 07 03    26    14  9959   360    20 -9999 -9999 -9999
2014 02 07 04    22     8  9955    20    10 -9999 -9999 -9999
2014 02 07 05    20     7  9953   220    10 -9999 -9999 -9999
2014 02 07 06    20     8  9951   360    10     6 -9999 -9999
2014 02 07 07    23    12  9949    10    20 -9999 -9999 -9999
2014 02 07 08    21     3  9946    30    20 -9999 -9999 -9999
2014 02 07 09    30   -27  9945    40    70     6 -9999 -9999
2014 02 07 10    26   -18  9942    70    40 -9999 -9999 -9999
2014 02 07 11    27    -9  9938    80    60 -9999 -9999 -9999
2014 02 07 12    25   -13  9935    90    60     6 -9999     0
2014 02 07 13    28   -25  9927    80   110 -9999 -9999 -9999
2014 02 07 14    30   -38  9926    20    80 -9999 -9999 -9999
2014 02 07 15    23   -41  9926    70    70     6 -9999 -9999
2014 02 07 16    17   -32  9922    80    70 -9999 -9999 -9999
2014 02 07 17    17   -31  9918    90    60 -9999 -9999 -9999
2014 02 07 18    19   -40  9913    40    60     6 -9999 -9999
2014 02 07 19     8   -30  9909   340    80 -9999 -9999 -9999
2014 02 07 20     7   -23  9905   350    50 -9999 -9999 -9999
2014 02 07 21    15   -30  9898    50   100 -9999 -9999 -9999
2014 02 07 22    12   -21  9897   300    50 -9999 -9999 -9999
2014 02 07 23     7   -23  9892   330    70 -9999 -9999 -9999
2014 02 08 00     7   -24  9888   350    90     4 -9999     0
2014 02 08 01     9   -29  9886   290    40 -9999 -9999 -9999
2014 02 08 02     3   -20  9881   350    80 -9999 -9999 -9999
2014 02 08 03     3   -22  9876   340    80 -9999 -9999 -9999
2014 02 08 04     6   -20  9874   280    30 -9999 -9999 -9999
2014 02 08 05     8   -19  9869   150    70 -9999 -9999 -9999
2014 02 08 06     9   -34  9872   280    50     8 -9999 -9999
2014 02 08 07     5   -22  9871   180    50 -9999 -9999 -9999
2014 02 08 08     3   -28  9869   340    70 -9999 -9999 -9999
2014 02 08 09     0   -19  9869    10    80     8 -9999 -9999
2014 02 08 10    -3   -16  9867    10   100 -9999 -9999 -9999
2014 02 08 11    -2   -15  9862    10   100 -9999 -9999 -9999
2014 02 08 12    -2   -18  9860    10    80     7 -9999     0
2014 02 08 13    -3   -16  9855   350    70 -9999 -9999 -9999
2014 02 08 14    -4   -14  9849   350    90 -9999 -9999 -9999
2014 02 08 15    -6   -15  9844   350    80     8 -9999 -9999
2014 02 08 16    -5   -15  9835   360   110 -9999 -9999 -9999
2014 02 08 17    -5   -15  9830   340   100 -9999 -9999 -9999
2014 02 08 18    -4   -13  9824   340    80     8 -9999 -9999
2014 02 08 19    -2   -11  9819   350    70 -9999 -9999 -9999
2014 02 08 20    -1   -10  9816   340    50 -9999 -9999 -9999
2014 02 08 21    -1   -12  9816   100    10 -9999 -9999 -9999
2014 02 08 22    -2   -13  9814   200    40 -9999 -9999 -9999
2014 02 08 23    -2   -12  9816   180    30 -9999 -9999 -9999
2014 02 09 00    -1   -13  9818   140    60     7 -9999     0
2014 02 09 01    -5   -15  9820   120    40 -9999 -9999 -9999
2014 02 09 02     0   -15  9822   110    50 -9999 -9999 -9999
2014 02 09 03    -2   -18  9823   140    30 -9999 -9999 -9999
2014 02 09 04    -2   -15  9821   230    20 -9999 -9999 -9999
2014 02 09 05     4   -12  9818   360    40 -9999 -9999 -9999
2014 02 09 06    13    -5  9818    20    10     8 -9999     0
2014 02 09 07    18     4  9820    60    40 -9999 -9999 -9999
2014 02 09 08    19     8  9825    70    40 -9999 -9999 -9999
2014 02 09 09    22    10  9828    70    40     7 -9999 -9999
2014 02 09 10    23    10  9832    70    50 -9999 -9999 -9999
2014 02 09 11    25    10  9832    70    50 -9999 -9999 -9999
2014 02 09 12    25     3  9833    70    40     5 -9999 -9999
2014 02 09 13    27    -7  9834    80    70 -9999 -9999 -9999
2014 02 09 14    30    -6  9833    30    60 -9999 -9999 -9999
2014 02 09 15    19    -3  9835   360    50     4 -9999 -9999
2014 02 09 16    14    -9  9832    10    90 -9999 -9999 -9999
2014 02 09 17     7    -8  9828   360    90 -9999 -9999 -9999
2014 02 09 18    -5   -16  9829   350   120     6 -9999 -9999
2014 02 09 19    -9   -15  9825   340   130 -9999 -9999 -9999
2014 02 09 20    -4   -10  9833   360   100 -9999 -9999 -9999
2014 02 09 21    -1    -7  9833   350   110 -9999 -9999 -9999
2014 02 09 22    -2    -8  9831   350   120 -9999 -9999 -9999
2014 02 09 23    -4   -10  9830   360   120 -9999 -9999 -9999
2014 02 10 00    -6   -12  9832   350   120     8 -9999     0
2014 02 10 01    -9   -17  9832   360   100 -9999 -9999 -9999
2014 02 10 02   -11   -19  9829   350   100 -9999 -9999 -9999
2014 02 10 03   -11   -22  9825   340    90 -9999 -9999 -9999
2014 02 10 04   -10   -20  9823   360    80 -9999 -9999 -9999
2014 02 10 05    -7   -15  9820   340    70 -9999 -9999 -9999
2014 02 10 06    -5   -13  9821   340    90     6 -9999 -9999
2014 02 10 07    -5   -12  9821   350   110 -9999 -9999 -9999
2014 02 10 08    -9   -17  9826   350    80 -9999 -9999 -9999
2014 02 10 09   -10   -18  9827   340   100     7 -9999 -9999
2014 02 10 10    -9   -19  9825   340   110 -9999 -9999 -9999
2014 02 10 11    -8   -17  9825   340   110 -9999 -9999 -9999
2014 02 10 12    -6   -15  9829   340    90     7 -9999     0
2014 02 10 13    -3   -11  9828   340    90 -9999 -9999 -9999
2014 02 10 14    -4   -11  9829   340    80 -9999 -9999 -9999
2014 02 10 15    -2    -8  9832   350    80     8 -9999 -9999
2014 02 10 16    -5   -12  9834   360    80 -9999 -9999 -9999
2014 02 10 17    -7   -15  9837   360   100 -9999 -9999 -9999
2014 02 10 18    -9   -18  9841   360    80     7 -9999 -9999
2014 02 10 19   -12   -24  9843   360    90 -9999 -9999 -9999
2014 02 10 20   -13   -29  9846   350   100 -9999 -9999 -9999
2014 02 10 21   -13   -33  9850   350    90 -9999 -9999 -9999
2014 02 10 22   -15   -34  9854   350    90 -9999 -9999 -9999
2014 02 10 23   -20   -37  9857   350    90 -9999 -9999 -9999
2014 02 11 00   -26   -42  9859   350   110     7 -9999    -1
2014 02 11 01   -30   -44  9862   360    90 -9999 -9999 -9999
2014 02 11 02   -32   -47  9860   350   100 -9999 -9999 -9999
2014 02 11 03   -33   -49  9861   360   100 -9999 -9999 -9999
2014 02 11 04   -33   -50  9862   360    70 -9999 -9999 -9999
2014 02 11 05   -37   -53  9861   360    90 -9999 -9999 -9999
2014 02 11 06   -36   -51  9865   360    90     7 -9999 -9999
2014 02 11 07   -38   -56  9868   360    80 -9999 -9999 -9999
2014 02 11 08   -39   -54  9868   360    90 -9999 -9999 -9999
2014 02 11 09   -41   -55  9869    10    90     7 -9999 -9999
2014 02 11 10   -43   -58  9872    10   100 -9999 -9999 -9999
2014 02 11 11   -42   -56  9873   350   100 -9999 -9999 -9999
2014 02 11 12   -43   -57  9875    10    80     7 -9999     0
2014 02 11 13   -42   -59  9875   360   110 -9999 -9999 -9999
2014 02 11 14   -41   -56  9873   360   100 -9999 -9999 -9999
2014 02 11 15   -42   -57  9876    10    90     7 -9999 -9999
2014 02 11 16   -41   -55  9876   360   100 -9999 -9999 -9999
2014 02 11 17   -41   -56  9878    20   100 -9999 -9999 -9999
2014 02 11 18   -40   -56  9877   360   110     7 -9999 -9999
2014 02 11 19   -39   -51  9879   350   100 -9999 -9999 -9999
2014 02 11 20   -40   -53  9885   360   100 -9999 -9999 -9999
2014 02 11 21   -43   -55  9886   360   100 -9999 -9999 -9999
2014 02 11 22   -42   -54  9892    10   100 -9999 -9999 -9999
2014 02 11 23   -42   -54  9894   350   100 -9999 -9999 -9999
2014 02 12 00   -41   -55  9898   360    80     7 -9999     0
2014 02 12 01   -40   -52  9899   350   100 -9999 -9999 -9999
2014 02 12 02   -37   -53  9904   330    30 -9999 -9999 -9999
2014 02 12 03   -40   -53  9902   350   100 -9999 -9999 -9999
2014 02 12 04   -38   -54  9905   360    80 -9999 -9999 -9999
2014 02 12 05   -36   -48  9907   360    90 -9999 -9999 -9999
2014 02 12 06   -32   -46  9910   350    80     7 -9999 -9999
2014 02 12 07   -28   -45  9913   360    70 -9999 -9999 -9999
2014 02 12 08   -27   -39  9919   360    80 -9999 -9999 -9999
2014 02 12 09   -21   -34  9925   350    60     8 -9999 -9999
2014 02 12 10   -19   -29  9928   360    70 -9999 -9999 -9999
2014 02 12 11   -12   -24  9935   280    10 -9999 -9999 -9999
2014 02 12 12    -4   -20  9939   110    30     7 -9999     0
2014 02 12 13    -3   -17  9942   310    10 -9999 -9999 -9999
2014 02 12 14    -2   -20  9938   350    20 -9999 -9999 -9999
2014 02 12 15    -1   -20  9941   360    20     7 -9999 -9999
2014 02 12 16     5   -16  9944   360    10 -9999 -9999 -9999
2014 02 12 17     7   -13  9947   110    30 -9999 -9999 -9999
2014 02 12 18     2   -18  9949   360    10     6 -9999 -9999
2014 02 12 19     7   -14  9951   190    10 -9999 -9999 -9999
2014 02 12 20     4   -17  9951   220    30 -9999 -9999 -9999
2014 02 12 21     8   -21  9954   290    10 -9999 -9999 -9999
2014 02 12 22     7   -23  9955   240    40 -9999 -9999 -9999
2014 02 12 23    10   -19  9958   160    20 -9999 -9999 -9999
2014 02 13 00    16   -19  9955    10    20     6 -9999     0
2014 02 13 01    14   -16  9959   340    40 -9999 -9999 -9999
2014 02 13 02    17    -9  9960   360    50 -9999 -9999 -9999
2014 02 13 03    -1   -17  9962   360   100 -9999 -9999 -9999
2014 02 13 04     5   -12  9961   350   100 -9999 -9999 -9999
2014 02 13 05     4   -12  9963   340   110 -9999 -9999 -9999
2014 02 13 06     2   -16  9969   350   100     7 -9999 -9999
2014 02 13 07    -1   -13  9972   350   110 -9999 -9999 -9999
2014 02 13 08    -5   -17  9973   340   110 -9999 -9999 -9999
2014 02 13 09     0   -15  9975   360   100     3 -9999 -9999
2014 02 13 10    -8   -18  9977   360   120 -9999 -9999 -9999
2014 02 13 11    -4   -16  9982   340    90 -9999 -9999 -9999
2014 02 13 12    -3   -28  9982   320   100     4 -9999     0
2014 02 13 13    -7   -26  9984   340   110 -9999 -9999 -9999
2014 02 13 14   -19   -30  9986   360   130 -9999 -9999 -9999
2014 02 13 15   -24   -37  9988   360   130     7 -9999 -9999
2014 02 13 16   -28   -42  9987   350   140 -9999 -9999 -9999
2014 02 13 17   -26   -44  9987   350   150 -9999 -9999 -9999
2014 02 13 18   -24   -40  9984   350   170     6 -9999 -9999
2014 02 13 19   -28   -39  9985   350   160 -9999 -9999 -9999
2014 02 13 20   -30   -46  9991   350   160 -9999 -9999 -9999
2014 02 13 21   -35   -54  9993   350   160 -9999 -9999 -9999
2014 02 13 22   -35   -55  9994   350   150 -9999 -9999 -9999
2014 02 13 23   -36   -59  9993   350   150 -9999 -9999 -9999
2014 02 14 00   -39   -58  9993   350   150     7 -9999     0
2014 02 14 01   -39   -60  9996   360   140 -9999 -9999 -9999
2014 02 14 02   -39   -54  9995   360   130 -9999 -9999 -9999
2014 02 14 03   -37   -53  9995   350   140 -9999 -9999 -9999
2014 02 14 04   -38   -51  9995   350   140 -9999 -9999 -9999
2014 02 14 05   -41   -51  9999   350   150 -9999 -9999 -9999
2014 02 14 06   -42   -53 10003   350   130     8 -9999 -9999
2014 02 14 07   -43   -53 10005   350   130 -9999 -9999 -9999
2014 02 14 08   -45   -54 10003   350   130 -9999 -9999 -9999
2014 02 14 09   -46   -55 10007   360   120     8 -9999 -9999
2014 02 14 10   -44   -53 10011   360   100 -9999 -9999 -9999
2014 02 14 11   -43   -52 10009   350   110 -9999 -9999 -9999
2014 02 14 12   -41   -51 10009   340   130     6 -9999     0
2014 02 14 13   -39   -50 10011   350   100 -9999 -9999 -9999
2014 02 14 14   -38   -51 10009   350   120 -9999 -9999 -9999
2014 02 14 15   -37   -51 10007   350   120     7 -9999 -9999
2014 02 14 16   -38   -54 10009   350   100 -9999 -9999 -9999
2014 02 14 17   -38   -50 10010   340   120 -9999 -9999 -9999
2014 02 14 18   -31   -44 10009   340   110     7 -9999 -9999
2014 02 14 19   -27   -43 10010   340   110 -9999 -9999 -9999
2014 02 14 20   -30   -43 10016   350   110 -9999 -9999 -9999
2014 02 14 21   -28   -40 10017   340   100 -9999 -9999 -9999
2014 02 14 22   -27   -37 10017   350   100 -9999 -9999 -9999
2014 02 14 23   -24   -33 10018   360   110 -9999 -9999 -9999
2014 02 15 00   -22   -34 10018   360    90     7 -9999     0
2014 02 15 01   -20   -33 10019   360    80 -9999 -9999 -9999
2014 02 15 02   -20   -35 10020   360    80 -9999 -9999 -9999
2014 02 15 03   -22   -36 10018    10   100 -9999 -9999 -9999
2014 02 15 04   -25   -41 10018   360    90 -9999 -9999 -9999
2014 02 15 05   -27   -46 10017    10    90 -9999 -9999 -9999
2014 02 15 06   -32   -55 10017   360   110     7 -9999 -9999
2014 02 15 07   -35   -49 10016   360   100 -9999 -9999 -9999
2014 02 15 08   -35   -49 10017   360   100 -9999 -9999 -9999
2014 02 15 09   -39   -53 10018   360   100     7 -9999 -9999
2014 02 15 10   -44   -57 10016   360   110 -9999 -9999 -9999
2014 02 15 11   -43   -61 10014   350   100 -9999 -9999 -9999
2014 02 15 12   -41   -57 10012   350    90     7 -9999     0
2014 02 15 13   -45   -62 10010   360   120 -9999 -9999 -9999
2014 02 15 14   -49   -64 10005   350   130 -9999 -9999 -9999
2014 02 15 15   -49   -62 10005   340   110     7 -9999 -9999
2014 02 15 16   -51   -63 10001   340   140 -9999 -9999 -9999
2014 02 15 17   -48   -61  9999   340   120 -9999 -9999 -9999
2014 02 15 18   -48   -61  9993   340   130     8 -9999 -9999
2014 02 15 19   -47   -65  9993   340   120 -9999 -9999 -9999
2014 02 15 20   -48   -65  9992   360   110 -9999 -9999 -9999
2014 02 15 21   -46   -61  9985   340   130 -9999 -9999 -9999
2014 02 15 22   -45   -60  9986   340   120 -9999 -9999 -9999
2014 02 15 23   -43   -59  9984   340   110 -9999 -9999 -9999
2014 02 16 00   -38   -53  9980   350   100     8 -9999     0
2014 02 16 01   -35   -47  9976   340   110 -9999 -9999 -9999
2014 02 16 02   -27   -39  9974   350   110 -9999 -9999 -9999
2014 02 16 03   -17   -28  9968   340   100 -9999 -9999 -9999
2014 02 16 04   -12   -25  9961   340    90 -9999 -9999 -9999
2014 02 16 05   -20   -38  9965   360   120 -9999 -9999 -9999
2014 02 16 06   -30   -49  9969   360   130     7 -9999 -9999
2014 02 16 07   -27   -45  9969   360   100 -9999 -9999 -9999
2014 02 16 08   -14   -25  9969   340   100 -9999 -9999 -9999
2014 02 16 09   -15   -27  9971   360   130     7 -9999 -9999
2014 02 16 10   -18   -32  9979   360   120 -9999 -9999 -9999
2014 02 16 11   -20   -34  9981   350   100 -9999 -9999 -9999
2014 02 16 12   -22   -34  9986   350    90     8 -9999     0
2014 02 16 13   -22   -33  9984   350   100 -9999 -9999 -9999
2014 02 16 14   -22   -34  9985   340   110 -9999 -9999 -9999
2014 02 16 15   -21   -33  9982   340   120     8 -9999 -9999
2014 02 16 16   -18   -33  9984   350   100 -9999 -9999 -9999
2014 02 16 17   -19   -34  9984   340   100 -9999 -9999 -9999
2014 02 16 18   -15   -33  9986   350   120     7 -9999 -9999
2014 02 16 19   -18   -30  9991   350   120 -9999 -9999 -9999
2014 02 16 20   -18   -27  9993   360   150 -9999 -9999 -9999
2014 02 16 21   -19   -29 10000   360   160 -9999 -9999 -9999
2014 02 16 22   -24   -36 10009   360   150 -9999 -9999 -9999
2014 02 16 23   -29   -36 10016   360   150 -9999 -9999 -9999
2014 02 17 00   -32   -41 10020   350   140     8 -9999     1
2014 02 17 01   -33   -46 10028   350   120 -9999 -9999 -9999
2014 02 17 02   -35   -49 10033   360   130 -9999 -9999 -9999
2014 02 17 03   -33   -46 10039   350   110 -9999 -9999 -9999
2014 02 17 04   -34   -48 10044   350    90 -9999 -9999 -9999
2014 02 17 05   -32   -45 10050   350    90 -9999 -9999 -9999
2014 02 17 06   -31   -43 10057   350    90     7 -9999 -9999
2014 02 17 07   -30   -40 10062   350    80 -9999 -9999 -9999
2014 02 17 08   -27   -39 10067   340    80 -9999 -9999 -9999
2014 02 17 09   -26   -39 10071   340    90     7 -9999 -9999
2014 02 17 10   -22   -33 10076   340   100 -9999 -9999 -9999
2014 02 17 11   -21   -34 10083   340   100 -9999 -9999 -9999
2014 02 17 12   -22   -33 10089   340   100     8 -9999     0
2014 02 17 13   -22   -35 10096   330    80 -9999 -9999 -9999
2014 02 17 14   -20   -29 10101   330    70 -9999 -9999 -9999
2014 02 17 15   -18   -28 10108   350    60     8 -9999 -9999
2014 02 17 16   -18   -28 10111   330    80 -9999 -9999 -9999
2014 02 17 17   -15   -26 10114   350    70 -9999 -9999 -9999
2014 02 17 18   -13   -25 10119   360    60     8 -9999 -9999
2014 02 17 19   -13   -27 10126   350    40 -9999 -9999 -9999
2014 02 17 20   -12   -27 10128   350    50 -9999 -9999 -9999
2014 02 17 21   -13   -30 10135   350    50 -9999 -9999 -9999
2014 02 17 22   -15   -34 10140   340    70 -9999 -9999 -9999
2014 02 17 23   -20   -38 10144    10    90 -9999 -9999 -9999
2014 02 18 00   -28   -51 10148   360    90     7 -9999    -1
2014 02 18 01   -30   -59 10154   360    70 -9999 -9999 -9999
2014 02 18 02   -31   -63 10157   360    70 -9999 -9999 -9999
2014 02 18 03   -33   -63 10160   350    70 -9999 -9999 -9999
2014 02 18 04   -33   -61 10160   350    50 -9999 -9999 -9999
2014 02 18 05   -33   -65 10160   340    60 -9999 -9999 -9999
2014 02 18 06   -35   -70 10162   350    90     7 -9999 -9999
2014 02 18 07   -38   -76 10163   340    90 -9999 -9999 -9999
2014 02 18 08   -41   -83 10166   340    90 -9999 -9999 -9999
2014 02 18 09   -41   -88 10168   340   100     3 -9999 -9999
2014 02 18 10   -41   -87 10168   340   100 -9999 -9999 -9999
2014 02 18 11   -41   -87 10170   340    90 -9999 -9999 -9999
2014 02 18 12   -41   -83 10172   340   100     3 -9999     0
2014 02 18 13   -43   -92 10168   340   100 -9999 -9999 -9999
2014 02 18 15   -43   -88 10168   340    90     2 -9999 -9999
2014 02 18 16   -43   -85 10162   340    90 -9999 -9999 -9999
2014 02 18 17   -44   -83 10161   330   100 -9999 -9999 -9999
2014 02 18 18   -41   -78 10165   330   100     2 -9999 -9999
2014 02 18 19   -39   -75 10162   340   120 -9999 -9999 -9999
2014 02 18 20   -36   -71 10161   340   130 -9999 -9999 -9999
2014 02 18 21   -36   -69 10163   330   130 -9999 -9999 -9999
2014 02 18 22   -33   -65 10163   340   130 -9999 -9999 -9999
2014 02 18 23   -30   -61 10161   340   130 -9999 -9999 -9999
2014 02 19 00   -29   -60 10157   330   130     2 -9999     0
2014 02 19 01   -26   -56 10159   340   120 -9999 -9999 -9999
2014 02 19 02   -25   -56 10152   340   130 -9999 -9999 -9999
2014 02 19 03   -24   -49 10151   340   110 -9999 -9999 -9999
2014 02 19 04   -21   -42 10151   340   100 -9999 -9999 -9999
2014 02 19 05   -22   -43 10147   340   120 -9999 -9999 -9999
2014 02 19 06   -22   -40 10146   340   110     2 -9999 -9999
2014 02 19 07   -21   -36 10149   340   110 -9999 -9999 -9999
2014 02 19 08   -23   -32 10146   350   110 -9999 -9999 -9999
2014 02 19 09   -29   -37 10144   330   150     7 -9999 -9999
2014 02 19 10   -26   -37 10142   340   140 -9999 -9999 -9999
2014 02 19 11   -22   -33 10142   340   120 -9999 -9999 -9999
2014 02 19 12   -13   -21 10147   340    70     5 -9999     0
2014 02 19 13    -9   -17 10146   350    80 -9999 -9999 -9999
2014 02 19 14    -8   -18 10139   350   100 -9999 -9999 -9999
2014 02 19 15    -9   -20 10138   350    80     4 -9999 -9999
2014 02 19 16    -6   -19 10134   310    60 -9999 -9999 -9999
2014 02 19 17   -11   -30 10130   300    40 -9999 -9999 -9999
2014 02 19 18     3   -28 10130   230    30     1 -9999 -9999
2014 02 19 19     3   -22 10132   240    20 -9999 -9999 -9999
2014 02 19 20    -4   -34 10130   230    20 -9999 -9999 -9999
2014 02 19 21    -4   -32 10128   220    20 -9999 -9999 -9999
2014 02 19 22     2   -28 10130   310    20 -9999 -9999 -9999
2014 02 19 23    -6   -31 10129   260    20 -9999 -9999 -9999
2014 02 20 00     3   -21 10129   170    30 -9999 -9999     0
2014 02 20 01     4   -12 10126   180    10 -9999 -9999 -9999
2014 02 20 02     8   -17 10123   360    10 -9999 -9999 -9999
2014 02 20 03     7   -13 10120    50    10 -9999 -9999 -9999
2014 02 20 04    15    -1 10120    80    60 -9999 -9999 -9999
2014 02 20 05    16    -2 10114    70    50 -9999 -9999 -9999
2014 02 20 06    17     0 10113    80    60     1 -9999 -9999
2014 02 20 07    17     0 10111    80    70 -9999 -9999 -9999
2014 02 20 08    16    -1 10111    80    60 -9999 -9999 -9999
2014 02 20 09    16     1 10111    70    60     1 -9999 -9999
2014 02 20 10    17     1 10110    90    80 -9999 -9999 -9999
2014 02 20 11    18    -2 10109    70    50 -9999 -9999 -9999
2014 02 20 12    19    -2 10108    80    60     1 -9999     0
2014 02 20 13    19    -5 10105    80    50 -9999 -9999 -9999
2014 02 20 14    17   -11 10101    70    50 -9999 -9999 -9999
2014 02 20 15    16   -13 10097    80    50     1 -9999 -9999
2014 02 20 16    13   -15 10093    60    50 -9999 -9999 -9999
2014 02 20 17    12   -11 10089    80    50 -9999 -9999 -9999
2014 02 20 18     9   -12 10087    60    30     1 -9999 -9999
2014 02 20 19     9   -12 10085    60    50 -9999 -9999 -9999
2014 02 20 20    12    -8 10080    80    60 -9999 -9999 -9999
2014 02 20 21    12    -6 10078    90    70 -9999 -9999 -9999
2014 02 20 22    10    -5 10075    80    60 -9999 -9999 -9999
2014 02 20 23    10    -9 10072    90    50 -9999 -9999 -9999
2014 02 21 00    11   -11 10071    70    50     2 -9999     0
2014 02 21 01     5   -26 10068    60    40 -9999 -9999 -9999
2014 02 21 02     8   -35 10063    60    60 -9999 -9999 -9999
2014 02 21 03     9   -27 10055    60    40 -9999 -9999 -9999
2014 02 21 04     7   -24 10050    40    40 -9999 -9999 -9999
2014 02 21 05    15   -29 10043    70    70 -9999 -9999 -9999
2014 02 21 06     7   -20 10040    80    70     2 -9999 -9999
2014 02 21 07    11   -39 10037    60    80 -9999 -9999 -9999
2014 02 21 08     7   -44 10035    50    90 -9999 -9999 -9999
2014 02 21 09    13   -40 10031    70    90     5 -9999 -9999
2014 02 21 10    12   -29 10027    60    90 -9999 -9999 -9999
2014 02 21 11    12   -38 10022    70   100 -9999 -9999 -9999
2014 02 21 12     9   -31 10017    60   100     2 -9999     0
2014 02 21 13    11   -29 10013    60    90 -9999 -9999 -9999
2014 02 21 14    11   -30 10010    60    70 -9999 -9999 -9999
2014 02 21 15     7   -32 10005    30    60     5 -9999 -9999
2014 02 21 16     7   -37 10002    20    70 -9999 -9999 -9999
2014 02 21 17     3   -34 10002    50    80 -9999 -9999 -9999
2014 02 21 18     3   -37 10000    30    50     4 -9999 -9999
2014 02 21 19     2   -33  9999    20    60 -9999 -9999 -9999
2014 02 21 20     2   -51  9994   360    50 -9999 -9999 -9999
2014 02 21 21    -1   -36  9991   350    60 -9999 -9999 -9999
2014 02 21 22     0   -42  9987   360    60 -9999 -9999 -9999
2014 02 21 23    -1   -47  9987    50    60 -9999 -9999 -9999
2014 02 22 00    -1   -60  9977    10    30     2 -9999     0
2014 02 22 01     0   -57  9976    70    40 -9999 -9999 -9999
2014 02 22 02    -3   -44  9975    80    70 -9999 -9999 -9999
2014 02 22 03    -6   -42  9968    30    60 -9999 -9999 -9999
2014 02 22 04    -9   -37  9968   360    90 -9999 -9999 -9999
2014 02 22 05    -9   -49  9966   100    60 -9999 -9999 -9999
2014 02 22 06   -12   -42  9961   360   110     3 -9999 -9999
2014 02 22 07    -9   -47  9966    80    60 -9999 -9999 -9999
2014 02 22 08   -10   -41  9964   360   100 -9999 -9999 -9999
2014 02 22 09   -10   -43  9956   360   120     4 -9999 -9999
2014 02 22 10    -7   -47  9966    20    70 -9999 -9999 -9999
2014 02 22 11    -8   -41  9966    10    90 -9999 -9999 -9999
2014 02 22 12    -9   -47  9958   360   120     6 -9999    -1
2014 02 22 13   -10   -41  9967    10   120 -9999 -9999 -9999
2014 02 22 14   -13   -37  9967    10   120 -9999 -9999 -9999
2014 02 22 15   -17   -41  9963    10   110     7 -9999 -9999
2014 02 22 16   -22   -47  9967    20   110 -9999 -9999 -9999
2014 02 22 17   -28   -50  9965    10   120 -9999 -9999 -9999
2014 02 22 18   -32   -53  9966    10   100     7 -9999 -9999
2014 02 22 19   -37   -56  9968   360    90 -9999 -9999 -9999
2014 02 22 20   -41   -60  9970    10   120 -9999 -9999 -9999
2014 02 22 21   -45   -64  9970   360    90 -9999 -9999 -9999
2014 02 22 22   -51   -67  9972   360    90 -9999 -9999 -9999
2014 02 22 23   -54   -72  9969   350   110 -9999 -9999 -9999
2014 02 23 00   -59   -78  9968   350    90     7 -9999    -1
2014 02 23 01   -61   -84  9966   350    80 -9999 -9999 -9999
2014 02 23 02   -63   -87  9964   360    80 -9999 -9999 -9999
2014 02 23 03   -62   -90  9958   360    80 -9999 -9999 -9999
2014 02 23 04   -62   -92  9953   350    80 -9999 -9999 -9999
2014 02 23 05   -61   -95  9948   350    80 -9999 -9999 -9999
2014 02 23 06   -60   -95  9946   360    70     7 -9999 -9999
2014 02 23 07   -60   -92  9940   340    80 -9999 -9999 -9999
2014 02 23 08   -52   -80  9938   340    90 -9999 -9999 -9999
2014 02 23 09   -37   -69  9934   360    80     7 -9999 -9999
2014 02 23 10   -33   -65  9930    10    90 -9999 -9999 -9999
2014 02 23 11   -31   -53  9924    10   100 -9999 -9999 -9999
2014 02 23 12   -31   -57  9922    10   100     7 -9999    -1
2014 02 23 13   -28   -52  9917    20    80 -9999 -9999 -9999
2014 02 23 14   -25   -57  9911    20    50 -9999 -9999 -9999
2014 02 23 15   -23   -49  9904    10    80     6 -9999 -9999
2014 02 23 16   -16   -44  9897    10    80 -9999 -9999 -9999
2014 02 23 17   -17   -41  9891    70    20 -9999 -9999 -9999
2014 02 23 18   -18   -41  9887    20    80     8 -9999 -9999
2014 02 23 19   -17   -48  9887    10    60 -9999 -9999 -9999
2014 02 23 20   -14   -47  9885   350    30 -9999 -9999 -9999
2014 02 23 21   -15   -52  9881    60   100 -9999 -9999 -9999
2014 02 23 22   -19   -57  9881   360    70 -9999 -9999 -9999
2014 02 23 23   -25   -49  9879    10   120 -9999 -9999 -9999
2014 02 24 00   -26   -50  9875    10   130     8 -9999     0
2014 02 24 01   -23   -48  9871   360   110 -9999 -9999 -9999
2014 02 24 02   -20   -44  9872   350    70 -9999 -9999 -9999
2014 02 24 03   -19   -36  9869   360    70 -9999 -9999 -9999
2014 02 24 04   -19   -51  9864    10    70 -9999 -9999 -9999
2014 02 24 05   -13   -38  9863    20    90 -9999 -9999 -9999
2014 02 24 06   -16   -36  9861    10   140     2 -9999 -9999
2014 02 24 07   -18   -31  9863   360   100 -9999 -9999 -9999
2014 02 24 08   -14   -23  9864   350   100 -9999 -9999 -9999
2014 02 24 09   -11   -22  9864   360   110     7 -9999 -9999
2014 02 24 10   -13   -24  9869    10   140 -9999 -9999 -9999
2014 02 24 11   -13   -23  9871   360   110 -9999 -9999 -9999
2014 02 24 12    -2   -16  9870   350    60     8 -9999     0
2014 02 24 13   -14   -21  9871   360   120 -9999 -9999 -9999
2014 02 24 14   -10   -21  9871   350   120 -9999 -9999 -9999
2014 02 24 15   -12   -21  9875   360   110     9 -9999 -9999
2014 02 24 16   -21   -28  9882    10   170 -9999 -9999 -9999
2014 02 24 17   -30   -36  9891    10   180 -9999 -9999 -9999
2014 02 24 18   -39   -44  9905    10   200     9 -9999 -9999
2014 02 24 19   -39   -43  9917    10   180 -9999 -9999 -9999
2014 02 24 20   -41   -45  9927   360   170 -9999 -9999 -9999
2014 02 24 21   -44   -48  9937   360   180 -9999 -9999 -9999
2014 02 24 22   -46   -54  9950   360   140 -9999 -9999 -9999
2014 02 24 23   -48   -56  9958   350   170 -9999 -9999 -9999
2014 02 25 00   -52   -63  9966   360   160     9 -9999     2
2014 02 25 01   -55   -67  9985   350   150 -9999 -9999 -9999
2014 02 25 02   -60   -74  9994   350   150 -9999 -9999 -9999
2014 02 25 03   -62   -76 10002   350   140 -9999 -9999 -9999
2014 02 25 04   -67   -87 10016   350   130 -9999 -9999 -9999
2014 02 25 05   -72   -99 10026   350   140 -9999 -9999 -9999
2014 02 25 06   -74   -99 10035   340   140     2 -9999 -9999
2014 02 25 07   -77  -101 10050   350   130 -9999 -9999 -9999
2014 02 25 08   -80  -107 10057   340   160 -9999 -9999 -9999
2014 02 25 09   -80  -107 10068   340   150     3 -9999 -9999
2014 02 25 10   -81  -109 10079   330   150 -9999 -9999 -9999
2014 02 25 11   -80  -109 10093   340   140 -9999 -9999 -9999
2014 02 25 12   -80  -110 10103   340   120     3 -9999    -1
2014 02 25 13   -83  -112 10111   340   100 -9999 -9999 -9999
2014 02 25 14   -82  -107 10124   360    80 -9999 -9999 -9999
2014 02 25 15   -83  -111 10131   360    80     6 -9999 -9999
2014 02 25 16   -81  -107 10137   360    50 -9999 -9999 -9999
2014 02 25 17   -81  -108 10138    10   100 -9999 -9999 -9999
2014 02 25 18   -79  -107 10146   340    50     7 -9999 -9999
2014 02 25 19   -76  -103 10152    10    70 -9999 -9999 -9999
2014 02 25 20   -78  -106 10157    10    60 -9999 -9999 -9999
2014 02 25 21   -79  -106 10158   350    30 -9999 -9999 -9999
2014 02 25 22   -74   -99 10157   360   100 -9999 -9999 -9999
2014 02 25 23   -83  -110 10162   310    40 -9999 -9999 -9999
2014 02 26 00   -70   -95 10158   350    70     2 -9999    -1
2014 02 26 01   -63   -85 10162   200    40 -9999 -9999 -9999
2014 02 26 02   -56   -88 10156   300    60 -9999 -9999 -9999
2014 02 26 03   -58   -82 10150   200    30 -9999 -9999 -9999
2014 02 26 04   -47   -77 10150   180    50 -9999 -9999 -9999
2014 02 26 05   -44   -65 10146   110    60 -9999 -9999 -9999
2014 02 26 06   -47   -72 10146   250    30     7 -9999 -9999
2014 02 26 07   -39   -67 10140   230    30 -9999 -9999 -9999
2014 02 26 08   -28   -63 10134   210    20 -9999 -9999 -9999
2014 02 26 09   -14   -50 10126   280    20     8 -9999 -9999
2014 02 26 10     3   -44 10121    60    30 -9999 -9999 -9999
2014 02 26 11     6   -35 10114    70   110 -9999 -9999 -9999
2014 02 26 12    15   -24 10109    70    90     8 -9999     0
2014 02 26 13    14   -28 10102    70   130 -9999 -9999 -9999
2014 02 26 14    18   -24 10092    70   140 -9999 -9999 -9999
2014 02 26 15    18   -19 10088    70   130     8 -9999 -9999
2014 02 26 16    20   -17 10083    60   130 -9999 -9999 -9999
2014 02 26 17    24    -9 10075    60   130 -9999 -9999 -9999
2014 02 26 18    26    -3 10072    60   130     8 -9999 -9999
2014 02 26 19    23    -5 10070    60   120 -9999 -9999 -9999
2014 02 26 20    19    -7 10068    60   110 -9999 -9999 -9999
2014 02 26 21    26    -2 10065    60   130 -9999 -9999 -9999
2014 02 26 22    25    -1 10066    60   120 -9999 -9999 -9999
2014 02 26 23    28    -2 10067    60   110 -9999 -9999 -9999
2014 02 27 00    27    -2 10067    60   110     8 -9999     0
2014 02 27 01    29    -1 10066    60   110 -9999 -9999 -9999
2014 02 27 02    29    -3 10064    70   130 -9999 -9999 -9999
2014 02 27 03    27    -5 10063    70   120 -9999 -9999 -9999
2014 02 27 04    26    -3 10064    60   120 -9999 -9999 -9999
2014 02 27 05    28    -8 10063    40    90 -9999 -9999 -9999
2014 02 27 06    23    -8 10067    60   130     8 -9999 -9999
2014 02 27 07    25    -9 10069    70   110 -9999 -9999 -9999
2014 02 27 08    25   -11 10071    60    90 -9999 -9999 -9999
2014 02 27 09    28   -11 10074    50    80     8 -9999 -9999
2014 02 27 10    30   -14 10080    50    70 -9999 -9999 -9999
2014 02 27 11    29   -10 10078    60    90 -9999 -9999 -9999
2014 02 27 12    28   -13 10081    60   120     7 -9999    -1
2014 02 27 13    29   -20 10083    40    60 -9999 -9999 -9999
2014 02 27 14    23   -20 10080    30    60 -9999 -9999 -9999
2014 02 27 15    23   -20 10087    80    40     6 -9999 -9999
2014 02 27 16    29   -26 10086    60    30 -9999 -9999 -9999
2014 02 27 17    24   -28 10092    10    50 -9999 -9999 -9999
2014 02 27 18    11   -29 10097   330    80     7 -9999 -9999
2014 02 27 19     0   -27 10105   340    90 -9999 -9999 -9999
2014 02 27 20    -1   -28 10111   350    80 -9999 -9999 -9999
2014 02 27 21    -4   -27 10113   100    80 -9999 -9999 -9999
2014 02 27 22    -4   -29 10118    80    60 -9999 -9999 -9999
2014 02 27 23    -4   -32 10124   100    70 -9999 -9999 -9999
2014 02 28 00    -5   -37 10124    70    60     4 -9999     0
