1997 01	-89.0
1997 02	-30.0
1997 03	-90.0
1997 04	-85.0
1997 05	-51.0
1997 06	-24.0
1997 07	42.0
1997 08	58.0
1997 09	-16.0
1997 10	-9.0
1997 11	-14.0
1997 12	-20.0
2002 01	-3384.0
2002 02	-15.0
2002 04	-63.0
2002 05	19.0
2002 06	51.0
2002 07	79.0
2002 09	36.0
2002 10	15.0
2002 11	3.0
2003 01	-131.0
2003 04	18.0
2003 06	52.0
2003 07	132.0
2003 08	91.0
2003 09	-9999.0
2003 10	37.0
2003 11	-9999.0
2003 12	8.0
2005 01	-33.0
2005 02	-31.0
2005 03	-38.0
2005 04	-19.0
2005 05	-4.0
2005 06	30.0
2005 07	18.0
2005 08	68.0
2005 09	25.0
2005 10	0.0
2005 11	-19.0
2005 12	-4.0
2007 01	-132.0
2007 02	-71.0
2007 03	-14.0
2007 04	-192.0
2007 05	10.0
2007 06	22.0
2007 07	55.0
2007 08	59.0
2007 09	-9.0
2007 10	9.0
2007 11	-47.0
2007 12	-13.0
2008 01	-55.0
2008 02	-26.0
2008 03	-59.0
2008 04	-31.0
2008 05	-16.0
2008 06	33.0
2008 07	19.0
2008 08	68.0
2008 09	57.0
2008 10	13.0
2008 11	-34.0
2008 12	-157.0
2010 01	-8.0
2010 02	-33.0
2010 03	-51.0
2010 04	-23.0
2010 05	1.0
2010 06	24.0
2010 07	61.0
2010 08	64.0
2010 09	56.0
2010 10	18.0
2010 11	-17.0
2010 12	-31.0
2011 01	-32.0
2011 02	-5.0
2011 03	-58.0
2011 04	-4.0
2011 05	-3.0
2011 06	34.0
2011 07	53.0
2011 08	60.0
2011 09	58.0
2011 10	20.0
2011 11	12.0
2011 12	-32.0
2012 01	4.0
2012 02	-37.0
2012 03	-23.0
2012 04	-44.0
2012 05	-7.0
2012 06	24.0
2012 07	47.0
2012 08	59.0
2012 09	33.0
2012 10	9.0
2012 11	-10.0
2012 12	-21.0
2013 01	-23.0
2014 01	15.0
2014 02	-12.0
